-1.10596, -0.610764, 2.50992
-0.576169, -0.475613, -0.0924507
4.47295, 1.79114, -1.2569
1.16553, 0.462868, -1.76402
-0.761121, 0.998108, -0.0653975
0.51931, -0.50648, -0.29325
0.757686, -0.619095, -0.235367
1.61415, 0.911215, -0.99675
0.11625, 0.777764, -0.156012
-0.897919, 1.97758, -0.871273
1.54852, 1.73379, -0.163777
0.195187, 0.016748, -0.637673
-0.591236, -0.818715, 0.491569
0.3752, -1.43577, 1.83772
0.706841, 1.30455, 1.60167
-0.542035, -1.87435, -0.119925
0.0264403, -0.577716, 0.711092
-1.322, -2.55217, -0.0239218
0.784699, -0.205986, -2.00511
0.366457, 0.32523, -1.32261
0.139651, 0.0892042, 0.645626
-0.625387, -1.41701, -0.43402
-2.79042, -0.619231, 0.190682
0.183141, 0.704556, 0.394461
-0.551564, 1.20474, 0.208307
0.155927, -0.945863, -0.444146
0.25654, -0.293152, -0.155627
0.196342, -0.323539, -0.092665
0.740733, 1.31183, 2.30732
0.48106, -0.138738, 0.54766
0.23294, -0.10901, -0.0826546
-1.10544, -0.356769, 0.903824
1.10771, -0.109851, 0.520157
0.937789, 0.14529, -1.40444
-1.84557, -0.734416, 1.56206
-1.24964, -2.26102, 0.163892
1.06203, -0.276501, 0.619262
-0.287232, 0.466273, -3.18437
-0.394731, 0.228482, 0.014815
0.205062, -0.171857, -0.749297
-0.158216, -0.921452, 0.125632
-0.508595, -0.0434105, -0.667256
3.08266, 0.446824, 0.353471
-0.431682, 0.415065, -0.25503
-0.496691, -0.0625532, -0.371182
-0.0358738, -0.0743117, -0.643673
0.644239, -0.0212615, -0.262185
0.120585, 1.50334, 0.3713
-0.114919, -0.832102, 2.11252
0.775974, -0.468281, 0.172029
-0.490413, 0.587318, 2.03626
-0.360087, -0.358188, -0.196619
-1.67586, -2.90362, 0.907218
0.0549858, -1.14353, -1.15009
-0.741061, 2.08231, 0.47529
-1.33887, -1.30902, 1.58734
-0.0506497, 0.344219, -0.113098
-0.6704, 0.135995, 0.195138
-0.352281, -1.42566, 0.343016
2.1533, -1.29749, 0.100086
0.426481, 1.22356, 1.53449
-2.50776, 0.873861, -0.332172
-0.491795, 0.255425, -0.581936
0.316538, 0.476678, -0.539138
0.472812, -0.373702, -1.32881
-0.831847, 0.205873, -0.433017
0.28949, -0.420942, -0.107579
-1.29056, 1.08361, -2.52533
-1.08474, -0.842503, -0.594832
-1.55426, 4.44061, -3.25069
-0.903058, -0.886529, -0.301439
-0.559921, -0.561248, 2.04922
1.09153, 0.528257, 0.134846
0.320672, 0.176406, -0.387425
-0.241067, -1.14992, 0.514401
-0.04517, -0.338459, -1.02815
-0.213454, 1.73288, 1.80135
-0.375735, 0.303373, 0.554208
0.328265, 0.586388, -0.103725
0.322894, 1.07503, -0.126775
0.205, -0.434612, 0.793721
-0.0443758, -0.308863, -1.37894
0.794815, 0.49518, 0.456348
-1.08132, -1.81317, 0.970895
-0.890193, 0.102691, -0.129639
-0.431734, 0.101116, 0.318436
-1.72067, -2.3075, -1.25225
0.521502, -1.4314, -1.0149
0.601261, -0.0289027, 1.43745
-0.681035, -0.361196, -1.8687
0.172037, -0.217742, -0.316093
0.285404, 1.31156, -0.344965
-0.543306, 0.395767, 0.563745
-0.434232, 0.477231, -0.0909498
-1.40594, -0.666865, -0.491728
-1.74514, -0.537335, -0.348151
-0.505471, 0.663682, 2.0652
-0.329583, 0.367524, -0.205787
0.852918, -0.617469, 0.266331
-2.35155, 2.61694, 0.827267
0.372339, -0.852031, -1.77204
0.362218, -0.330506, -1.08865
-0.531928, -1.27108, -1.5224
-0.458514, 1.01957, -1.84412
-0.967732, 1.34921, 1.67763
0.329512, -0.181096, -1.32118
0.634431, 0.248717, -1.05484
0.981371, 0.341839, 0.0723954
1.29758, 0.0807654, -0.278777
0.788506, 0.770625, -0.183865
1.11501, -0.762273, -0.484175
2.54773, -2.43176, -0.246693
-0.275046, 0.114332, 0.605703
-0.353916, 0.0477357, -0.243362
0.369149, 0.285578, 0.449903
0.911736, 1.4613, 1.65213
-0.217135, 0.272168, -0.0534191
1.03656, 1.10417, -0.424658
0.129204, 0.160428, -0.512415
2.19195, 0.803916, 0.297177
-2.19327, -0.502207, -0.174998
0.798517, -0.735302, -2.21817
-2.3816, 1.60962, -0.704787
0.203826, -0.422679, -0.3357
0.172338, -0.227413, -0.0421706
1.49431, 2.34021, 2.85571
-0.00727912, -0.519187, 0.506902
-0.0265514, -2.41721, -0.80504
0.0680095, 0.597226, 1.71755
0.40239, -0.0744544, 0.827123
1.06485, -0.53078, 1.47091
-0.552044, 0.752351, -0.0827982
-0.0678566, 0.545286, 1.38284
0.33472, 0.0698867, 0.140055
-0.169663, -0.44327, -0.201519
-3.29907, 0.386145, -0.31017
0.13781, -1.29712, -1.48772
0.308861, 0.0274115, 0.978904
-0.548634, -0.134331, 0.464762
0.673826, -1.4905, -0.210016
-0.0394704, 0.479564, 0.0371007
-0.411306, 0.0352722, -0.835749
0.491316, -1.29303, 0.610527
1.24308, 0.635308, 0.807488
0.529876, -0.288926, -0.711949
0.536868, -0.0234429, 0.716692
0.208621, 1.56605, 0.53453
-1.01496, 0.581022, -3.09652
-0.73135, 0.140693, -0.982947
0.73445, -0.00863038, 0.539798
-0.541167, 0.262839, 1.41455
-1.49423, -0.910592, 0.307343
-2.7483, 0.296747, 0.4318
-0.482103, 1.21192, -0.947529
-0.244753, 0.749522, 0.224108
0.420292, -0.731577, -0.0884784
-0.0886411, 1.16122, 0.437038
-0.153154, -0.788015, -0.883691
0.348564, 0.486352, -2.50433
-0.00783079, 0.269699, -0.481871
0.620949, -0.378809, -1.02116
-0.0563081, 0.0173583, -0.302895
0.29879, -1.3435, 0.216368
-1.63992, 1.14596, 0.598524
0.855286, 0.577558, 1.03879
0.413254, 0.132666, -0.0518391
-0.29042, -0.185901, 0.122341
-0.413672, 0.0394732, -0.028451
0.184435, 0.549038, -0.0907954
1.12979, -2.56204, 3.11794
0.20765, 0.542468, -1.07761
-0.747835, -0.170265, -0.884947
-0.775062, 2.33067, -1.58945
0.144018, 0.209878, 0.141184
0.825004, 0.183174, -2.07243
-0.62384, 0.167838, 0.611668
-0.108582, -0.758494, -0.825504
-0.01733, -0.64215, 0.0787266
0.22505, -0.0122923, -0.365179
1.67999, 0.216988, -1.69001
-0.137079, 0.642933, -0.0416702
-1.67885, -0.428932, 1.46469
-1.32796, -0.386854, 0.389274
-1.4113, 0.0779961, 0.712007
-0.511088, -0.562277, 1.83474
-0.135857, 0.300275, -0.52217
0.146089, -0.563552, -0.431254
-0.383671, 0.446721, 0.306724
-0.584165, -0.585447, 1.12693
-0.270157, 0.582035, 0.12512
0.30952, 0.453023, 0.796061
0.0478306, -0.778785, -1.18667
-0.258148, 0.42175, 0.161801
1.86832, -1.10078, 0.48204
0.593038, -1.60482, 0.896326
1.3506, 0.73673, -2.16316
-0.800042, -1.00308, -0.568539
0.153689, -0.938289, 0.924836
1.12139, 0.647423, -0.551112
1.16968, -0.655568, 0.130405
-1.10966, -0.573868, -1.65567
-2.67609, -1.25142, -2.04108
0.0218211, 0.98792, -1.20791
0.481821, 0.343211, 1.10462
-0.463554, 0.721404, 0.649726
0.0421775, 0.166739, 0.00277422
0.598535, -0.484418, -0.805988
2.14816, 2.56782, 0.362842
-1.63817, 0.746724, -0.467159
0.58882, 1.01194, 0.248596
-0.120095, 0.342702, 0.417003
-1.1939, -0.503262, 0.0528685
-0.163152, -0.0148047, 0.400246
-1.05277, -1.38612, -0.933308
0.816527, -0.380495, -0.469361
0.714217, -0.598404, -0.19953
0.613293, -1.65725, -1.21494
-0.210082, -1.07015, 0.777616
1.21623, -0.168832, -0.394888
-0.751376, -1.21245, 2.22748
-0.264156, -2.47084, 0.402847
1.63128, 1.71343, -0.266758
-0.529586, 0.610399, 0.100654
-0.0694001, 0.285621, -0.630913
1.11975, -0.594727, -1.19317
0.712799, -0.589981, -0.458233
-0.293079, -1.04756, -0.70108
0.592892, -0.0424124, -0.487372
-0.47066, -0.177458, -0.979666
0.803179, 1.11563, -0.280012
-0.605565, -1.00553, -1.01761
-0.363105, 0.813915, -0.524
0.759911, -0.505908, -0.719284
1.11526, -0.685627, -1.85287
0.255906, 0.377661, -0.51122
0.60312, 0.294403, -0.555963
2.80983, 0.328082, 0.731689
-3.03134, -3.17856, 0.192916
0.156758, 0.308145, 0.339768
-0.667745, 1.53194, 0.697899
0.599665, 0.639237, -0.173409
-0.305589, -0.351438, 1.10324
0.293722, -0.809438, 1.08164
-1.1274, -0.322961, -0.340745
-0.87618, 0.352252, 0.526424
0.251669, 0.457877, 0.876516
0.195445, 0.689735, -0.176579
-1.15464, -0.345224, -2.2991
1.70606, -0.641283, -0.153465
0.903927, 1.66433, -2.94281
-1.0757, -0.258189, 0.295668
-1.25884, 0.140553, -0.431364
-0.232904, 0.61539, 1.34495
-0.125155, -0.285294, -1.00024
-1.69548, -1.10119, 0.665868
-1.30725, -0.212409, -0.311919
0.261609, 0.931665, -0.295396
0.106481, 0.408991, 0.382065
0.346273, 0.267703, 0.78334
0.932292, -0.277504, 0.976133
-0.401648, 0.43838, -0.230615
0.420445, 0.603227, 1.028
0.554105, -0.429342, 0.131959
-1.41299, 1.94912, -0.0267851
-0.230697, 1.27805, -0.223085
-2.31002, -3.53994, -2.15136
0.057377, 0.3417, 0.165248
0.60213, -0.713764, 0.200789
-0.258201, 0.128193, -1.25672
0.493427, -0.884025, 0.356273
1.07677, 1.88026, 1.02329
-0.351369, -0.276811, -1.13152
-0.664959, -0.365732, 0.017302
-0.0366331, -0.447352, 0.575185
0.517172, 1.52953, -2.62432
0.672206, 1.26942, 0.296165
1.75174, 0.42521, 0.913197
-0.928071, 1.91452, -2.03934
-0.0885981, 0.714942, 0.432385
-1.09067, 0.241097, 0.103746
-0.236485, -0.498459, -0.415738
0.742646, -1.06025, -0.721143
-2.4446, -1.43947, 0.0117603
-0.618746, 0.249195, -0.51233
0.74961, -1.08527, 0.288515
0.597068, -0.166504, -1.47497
-0.41231, -0.276759, 2.57444
-1.57241, 1.55709, -0.13859
-1.68605, -2.81612, -3.26257
0.0892892, 0.778756, -0.336551
0.292151, 0.33996, 0.694068
0.732759, 0.0588164, 0.392372
-0.0172153, 0.789419, -0.533037
2.01945, 0.0300518, 0.135025
-0.487852, 0.900323, 0.0868208
0.334494, -0.410932, -0.273437
1.06023, -0.061054, 0.858167
-0.721162, -0.405264, -0.206717
-0.64857, -2.20176, -1.30834
0.717222, -0.30075, -0.240256
-0.388898, 0.169746, 0.172119
0.85409, 2.48207, 2.14258
-0.334912, 0.871489, -0.351253
-0.365499, 0.138595, -1.26607
-0.591635, -1.71405, 0.195129
-0.166934, -0.569229, 0.350541
0.766857, 0.726007, -0.243097
-1.37432, 0.437491, -0.158501
0.645373, -1.98295, -0.786944
0.364337, 0.265649, -0.0806897
-0.154585, 2.70017, -2.5157
0.885124, -0.435841, 1.11172
1.22271, 0.746136, -0.0615356
3.08718, 0.628423, 0.968916
0.578556, 0.638656, -0.432765
-0.266101, -1.27161, -1.60827
-0.771256, 2.09938, 0.609893
-0.385553, -0.426091, 0.197952
1.0236, 0.395612, -0.361627
-0.776754, 0.172058, 1.37388
-3.05402, 0.765191, 1.61152
-1.31434, -0.944978, -0.98992
-0.483718, 2.74643, 1.59595
-0.263719, -0.53267, -0.373213
-0.40346, 0.299219, 0.865212
0.815999, 0.500675, 1.10378
-0.569479, 0.595478, 0.276478
1.15935, -1.49208, -0.501521
0.0227647, 1.02929, 1.14999
-0.177699, -0.456252, 0.054006
-0.115088, 1.13427, -0.961287
-0.369201, 1.64021, 0.0895375
-0.34362, 0.735207, 0.163585
-1.64999, 0.571591, -0.649034
0.549049, -0.89518, -0.276211
0.341395, 0.0888863, 1.15248
-0.0682486, -0.00582668, -0.89278
0.475913, 3.3573, -0.477211
0.700437, 0.0287611, 1.4502
0.336838, -0.670092, 0.132883
2.32626, 0.835293, -2.97516
-0.791306, 1.67235, -1.51873
0.0950194, 1.78167, -2.29715
-0.671887, -0.450703, -0.000156699
1.31395, -1.05045, 0.0319546
0.543852, 0.259592, 0.405979
0.443438, 0.545349, -0.0673526
-0.468284, 0.738351, -0.191448
-0.528551, 0.0640985, -0.0112092
0.76813, 0.110532, -0.277857
-0.755434, -0.0523214, 1.59631
-0.720607, -1.01886, 2.59962
0.0348565, 0.121892, 1.11033
0.998107, 0.411862, 0.417538
0.135324, -1.21402, -0.898636
2.63891, 1.04376, 0.620578
-0.468486, 0.463613, -0.0262402
0.247815, 0.000960849, 1.12092
-0.531591, 0.572476, 0.150995
-0.366133, -0.898285, 1.42939
0.546541, -0.857952, 0.406824
-0.336948, -0.201579, -0.706867
-1.07429, -1.26484, -0.112125
0.398637, -0.496161, -0.0266515
0.825424, -0.449941, -2.32434
0.0949845, 0.525592, 0.539561
1.10148, 1.316, -1.28492
1.0726, -0.695828, 0.903601
0.208316, 0.490473, -0.119887
3.63631, 0.56044, 2.38584
1.64279, -1.15021, 1.13787
-0.779612, -1.84458, -0.385633
-1.1125, -0.170409, -1.19645
0.340308, -0.4044, 0.587913
0.922132, 0.548911, 0.303191
0.112578, -0.877791, 0.198864
-0.580842, 0.0245981, 1.05029
0.0354984, 0.701927, 0.269119
-0.68525, -2.57634, 1.03237
-0.673253, -0.773152, -0.598037
0.178465, 0.799867, 1.21521
-0.80866, -2.7332, 1.21051
-0.182024, 1.64545, 0.686984
0.181877, 0.128024, 0.338539
0.492103, 0.988511, 1.07015
-0.138324, 0.712534, 0.944161
-0.418636, 0.0597724, -0.800374
-0.0415235, -0.648334, 0.995728
4.11511, -0.56381, 0.042903
-0.00911096, 0.750972, -1.09518
0.152628, 0.970314, -4.2575
-1.28352, 0.0715494, -0.168753
-4.02083, -1.86133, -1.20775
-0.575276, 0.667357, -1.27248
-2.02306, 1.75257, 1.49275
-0.750202, -1.21508, -0.445894
0.436024, -0.531007, -0.619502
-0.100414, 0.461951, -0.655701
-0.33231, -0.397039, 0.209264
-1.51133, 1.05101, -0.677879
0.523658, -1.23495, -1.24872
-1.44896, 1.80091, -0.583467
1.5586, 0.298451, 1.18973
-0.993342, 0.778754, 0.0159478
1.6224, -2.07095, -0.986091
-1.14683, 1.99193, -0.773937
-0.321509, 1.2816, 1.19211
0.564542, -0.296301, 0.643454
0.392565, -0.900317, -0.299432
0.316804, -0.458039, -1.51583
-2.27468, -0.124018, 1.12053
-0.587006, -1.29181, 2.14077
1.28307, -2.0413, 0.0963716
0.924144, -0.411338, 0.131167
-0.813059, 0.449555, -0.459612
1.23753, -0.610833, -1.88119
-2.69146, 0.964086, 1.02323
-0.0849022, -1.05886, 0.0912787
-0.112857, 0.328492, 0.12181
-1.38792, -1.25826, -1.11952
0.423486, -0.887819, 1.86415
-0.414858, 0.872384, -0.723624
-0.0339552, -0.185928, 0.363713
0.45598, -0.117476, 0.109705
2.0698, 0.378668, 0.251751
0.463119, -2.85211, 2.53743
0.962294, -1.79083, -0.777845
0.165017, 0.583083, -0.213815
2.30884, 0.773519, 1.17304
-1.67997, 2.34623, -1.72231
1.49136, -0.616893, 0.139512
0.159965, 1.514, 1.56254
-0.555364, 0.32321, 0.67534
-0.431213, -1.22137, -1.24035
-0.959459, 1.48661, 1.2645
0.410434, 0.383813, -0.380526
-0.404921, -0.0474854, -0.587099
0.464382, -1.04045, 0.80996
-0.131304, 0.41324, -0.108381
-0.858256, -0.461044, 0.434857
-1.25184, -0.361765, 0.2413
-1.64623, 0.835677, 0.448862
-0.570787, -0.236666, 0.296057
1.38819, 0.798722, -0.502155
-1.24502, 0.665851, 1.09975
-0.801274, 2.43423, 0.0492557
-0.532134, -1.11575, 0.0723295
-1.54977, -0.203506, 0.0233903
0.694797, 0.909641, -0.0945868
-0.0295501, 0.854658, 0.0585875
0.819495, -1.11057, -1.15439
0.380582, -0.42807, 0.631325
-0.768149, -0.784424, 0.456365
0.287229, 0.031428, -1.21226
-1.11219, 0.601797, -1.44051
0.65216, 1.55181, -0.524305
-0.510535, -2.06849, 0.57692
-3.00613, -1.05721, -0.995961
-2.11661, 0.449809, -1.17127
0.374136, -1.55455, -1.48496
-0.221619, 0.184288, -1.34289
-0.504364, -0.625078, 0.596081
0.673603, -0.676802, -0.567443
0.0666461, -1.20861, 1.63767
0.766248, 0.270671, 0.272756
0.545491, -0.917502, 0.500373
-2.05701, -3.21951, 1.45835
-1.25541, 0.591362, -0.946523
-0.272108, 0.21747, -0.784007
0.609707, 1.47304, 1.04449
-0.448682, -0.468706, -0.0108193
0.636001, 1.08653, 0.894247
0.526862, -0.726413, -0.326373
-0.728736, -0.370283, 0.552946
-0.483892, -2.82866, 1.87027
-1.29556, -0.727901, -1.2033
0.347732, 0.864661, -0.177415
0.60719, 0.356554, 1.21979
-0.343622, 0.379379, -0.168117
1.81607, -0.525369, 0.640603
-0.714106, -0.833514, -0.172113
0.649684, 1.66268, 1.34621
-0.27779, -0.789189, -0.3069
0.63604, -1.6383, 1.10904
0.732427, -0.0572146, -0.152853
1.87805, 0.820317, -0.0993608
-0.10922, -0.914857, -0.463442
1.09437, 0.60335, -0.10592
0.938774, -0.375459, -0.320912
0.647285, 1.28065, 0.542336
0.440714, 0.086717, 0.256867
0.612424, -1.26245, -1.58795
-0.900104, -0.520382, 0.53908
0.683222, 1.87801, -1.61791
0.099347, 2.03383, -1.02857
0.959179, -0.242154, 0.355324
-0.353162, 0.107808, -0.271728
0.640666, -0.512871, -0.104074
0.43115, -0.0392799, 0.686607
1.0857, -0.442248, 0.406024
-0.402315, 0.820541, -0.280879
0.445115, -0.167819, 1.54804
-0.0750714, -0.347371, -0.879521
-1.53315, -1.08689, -1.44542
-1.23129, -0.901153, -1.9446
-1.07745, 1.51052, 0.556675
-0.250109, 1.16448, 0.58028
-0.635742, -0.0746373, 0.570015
1.26618, 0.299036, -0.164516
-1.40666, -1.6341, 1.03842
0.182384, -1.41338, -1.55911
-0.58112, 0.975497, 3.50885
1.13865, -0.513648, -1.25088
0.000425316, -0.0146448, -0.423304
-0.750052, -2.32403, 0.910022
-1.27468, -0.378053, 0.416318
0.145171, 0.551497, -0.498155
0.568031, 0.999715, -1.01546
0.131048, 0.194732, 0.115347
-1.97169, 0.637895, 0.221373
1.70176, -0.844747, -0.580937
0.0529306, 0.142193, -0.522393
-0.348566, -0.869089, 0.061886
-0.305165, 0.282423, -2.1973
-0.831162, -1.61824, -0.209588
1.27224, -0.383518, 0.564834
0.219191, -0.653687, -0.223499
0.288129, 0.0454874, -0.116389
-0.973046, -1.31274, 0.213568
0.218854, 1.18392, 0.422662
0.24507, 0.60689, -0.963487
-0.3003, 0.077613, 0.581821
-0.7576, -0.154744, 0.391763
-2.85263, -1.89675, -1.97277
-0.456116, -1.41307, 0.000177314
-1.05278, 0.319835, 0.68376
-0.404722, -0.587905, 0.225821
0.289714, 0.192724, 0.303421
-2.17419, 0.646494, 1.74335
-0.944904, 0.859392, 0.239914
-0.359291, -0.603434, -1.75996
-1.07249, -0.318805, 0.200298
2.46763, 0.426276, -0.54852
0.207807, 0.565471, -0.90077
-0.903793, -1.02077, 0.127953
0.0112564, -1.48506, 0.518706
-0.584467, -0.478528, -0.231385
-0.905603, -0.321344, 0.112979
0.483856, 0.823708, -0.142615
1.06728, -2.01934, -0.438391
0.304001, -1.05907, -1.44416
-1.15408, -0.724194, -1.88853
2.04897, 0.962282, 0.777199
-1.2203, 1.20863, 0.824367
1.69647, -0.610487, -0.246183
-1.87904, -0.40873, -0.727705
-0.440688, -0.836522, 0.630562
-0.346432, -0.478038, -0.765456
0.271796, -0.595376, 2.23492
0.251568, 0.103436, 0.180607
-0.3879, 1.15239, -2.63398
-1.18114, -0.556849, -0.863062
1.34904, 0.118874, -0.220208
-0.527827, 0.160655, 0.804197
1.01215, 1.11661, -0.40591
-0.879564, -0.59593, -0.187199
-1.22543, 1.33189, -0.864766
1.41069, -0.960485, -0.560447
-0.996173, -0.183245, 0.526477
0.172203, -0.137922, 1.34717
1.46417, 0.998422, 0.126862
-0.278755, -0.288811, -0.556867
0.763749, -0.71712, -1.63596
0.300168, 0.798727, -0.00363139
0.747057, 0.654776, 0.964565
0.225353, 1.14838, -0.0190534
-0.329505, -0.31745, -0.680195
0.452938, 0.684633, 0.898521
-0.0947643, 0.516166, -0.215873
-0.259839, 0.279369, 0.00101944
0.665699, 0.121911, -1.11208
-0.463618, 1.63008, 2.3973
0.360423, -0.167188, 0.158986
-0.507413, -0.119108, 1.11757
0.482132, -0.414605, -1.5979
-0.403598, 0.344277, 1.3112
0.463951, 0.177524, -0.819884
0.551879, -0.965201, -1.05622
0.0742704, -0.444182, 1.07855
-0.497863, 0.0185639, -0.0103825
0.136342, -0.339156, 0.340789
-0.265818, 0.637261, 0.215432
-2.91181, 1.7948, 0.231168
-0.8326, 0.573194, -0.413796
-1.7736, -0.951021, -2.41608
0.350876, -0.273306, 0.00456263
0.431074, -0.314647, 0.123998
0.565468, -1.05693, 1.34315
0.537288, -0.0739848, 0.170905
-1.62203, -0.450835, -1.03207
-0.975169, -0.466761, -1.93691
-0.969579, -0.500724, 0.252831
1.74675, -0.672682, 2.05581
1.10071, 0.297926, -0.782556
-0.627741, 0.992114, 0.134981
-4.35285, -0.739312, 0.168402
0.706097, 1.02645, -1.29993
-0.00878533, -0.479678, -1.24904
-0.07373, 0.956752, 0.158901
-0.93398, 0.905927, 1.27186
0.865842, 2.18679, 2.0703
1.14453, -0.134066, 0.324184
-0.260788, 0.77079, -0.142278
-0.217507, -0.303009, 0.500823
1.33315, -1.08882, 2.0409
-0.284737, -0.00202633, -0.184224
1.11076, -0.50503, -0.104749
1.58609, 1.72541, 0.523529
-0.19974, 0.755694, 0.120248
-0.832915, -0.694759, -0.014852
-0.13715, 0.112374, 0.0510143
-1.70478, 0.719392, 0.469269
-0.530219, -1.34462, -0.137909
-0.58312, -1.9085, -0.344311
0.555516, 0.24014, -0.704305
-4.12267, 0.734347, -0.760371
-0.354545, 0.1157, 0.65316
-3.66029, 1.57258, 3.01851
-1.07933, -0.284542, 0.490461
-1.28275, -0.674563, 2.42076
-0.614816, 0.738145, -0.905661
0.173787, 0.823748, -0.94705
-0.37086, -0.666741, 0.567135
0.376034, -0.45472, -1.07863
-0.991733, 1.24329, 0.573555
0.0941408, 0.205907, -0.0532125
0.430396, -0.227906, 0.358151
1.21228, -0.558201, -1.66699
-1.27153, -0.209384, 0.0885425
-0.336011, 1.08414, 1.40859
-0.701244, -1.50175, 1.81795
0.374885, 0.0818942, 0.211774
0.640897, -0.898928, -0.053867
1.28074, -1.56534, 1.98161
-1.66939, -0.08467, -0.0805264
-0.937432, 1.85747, -0.803132
-0.0220696, -1.15916, -0.000454402
0.994054, -0.60602, 0.34449
-1.43677, 0.670042, -0.229171
-1.64753, -0.363163, -0.0293413
-1.25357, -0.113297, -0.0974715
0.444309, -0.30524, -0.745369
-1.72973, -0.275093, -1.00677
0.448061, 0.475623, 0.00768974
0.454876, -3.36293, 0.812804
-0.43878, 0.664871, 0.352314
-0.419313, 0.416273, -0.0781642
-0.448784, 1.19828, -0.205697
0.516792, 0.828283, -0.652926
-1.5862, 0.340672, -0.44488
-1.07863, -0.463946, 0.810175
-0.273339, 0.23689, 0.214929
1.01155, -0.407812, -1.47156
1.89958, -0.316201, -0.390091
-0.220303, -0.0725343, -1.02399
0.708062, -0.335989, -0.111122
-0.333548, 0.523489, -0.0421411
-0.245262, -0.94335, 0.538231
0.719242, -0.790459, -0.955587
0.947793, -2.49695, -0.183106
1.64331, -0.28742, 0.867036
0.630221, 0.334321, 0.61899
0.668333, 1.87838, 1.45517
0.201341, -0.270268, 0.949495
1.68581, 0.932994, 0.276796
2.59116, 1.16816, 0.264741
-0.159519, 0.685343, -1.10512
0.243979, 0.250476, -3.19942
0.884293, 0.990839, 0.750274
-0.936613, -0.76671, 0.208331
0.581266, 0.350259, 0.360128
-0.77973, 0.0330668, -1.03847
-1.14611, -0.0883703, 0.112107
0.339951, -0.458495, -0.0349488
-0.0127854, -0.209837, 0.808785
1.39288, -1.4423, 0.618318
0.963241, -1.35447, 1.5951
1.28681, 1.40239, 0.311849
3.01139, -0.809675, 0.392565
2.63912, 0.174855, 0.565567
1.46967, -0.416709, -0.121304
-0.122002, 1.07049, -0.345332
0.269781, 1.0488, 0.364944
-0.828641, 2.09138, 0.0419267
1.82305, 0.797819, 1.83298
-0.0437822, 0.218935, -0.60522
0.62465, 0.163255, -1.12755
-0.578287, 0.938234, -1.52436
-0.602269, 0.425123, 0.19857
-0.190149, -0.133723, 0.461844
0.274641, 1.32779, 0.850769
-0.553252, 0.228251, 0.229312
1.44394, 0.819931, 0.416959
0.636668, -0.371307, 0.644828
-0.350343, 0.118961, -0.264696
1.51573, 0.304821, 0.339569
0.559309, 0.360584, 0.0275792
0.226549, -0.870817, -1.56928
1.56276, -1.34144, 0.42459
-1.42862, 0.514498, 1.87578
0.427199, -0.115928, -0.243847
-1.14118, 2.80431, 1.59739
0.0234208, 0.174264, -0.23993
0.498737, 0.199198, -0.579723
-0.676035, -1.45507, 0.752233
-0.705981, 0.615745, 0.805881
0.118588, 0.45094, 0.0978899
0.142633, -1.02876, -0.413885
-1.43302, -0.778499, 2.0712
-0.627915, 0.988807, -0.305386
1.07995, -1.20221, 0.160092
-1.75953, 0.456805, -1.95127
-0.961097, 0.426848, 0.743282
0.158121, -0.202124, 0.34207
0.504849, -1.04506, -1.27309
1.5618, 0.281552, 0.581468
-0.490626, -2.03547, -0.962304
0.080483, -1.24449, 0.545886
-0.108441, -0.140726, 0.035535
1.49742, -0.0252703, -1.20405
-0.0304946, 0.508875, -0.0642601
0.561198, -0.593964, 0.610419
1.15413, -0.414351, -0.456199
-1.56298, 0.0460107, -0.414447
0.182195, -0.0543084, -1.23702
0.606191, 0.0494384, -0.0309972
-1.44875, 2.68397, -0.55145
1.41192, 0.0130508, -1.10617
-1.23431, 0.769444, -1.01175
-0.790822, 1.26815, -0.0417838
0.475341, 0.674818, 0.0710777
0.0153405, 0.0155641, 0.04787
-0.704752, 0.914228, 0.942583
0.75283, -0.189496, -0.370681
0.866113, -0.949243, 0.466832
-0.121861, -1.72387, 0.792266
-0.404402, 0.542318, 0.191925
2.63474, -0.205691, -4.6965
0.224767, -0.917742, 0.360192
-1.0886, 0.445008, 0.961329
0.559759, -0.795543, 0.474331
2.16338, -0.587656, -0.0640112
1.0433, -1.23943, 0.672394
0.0867698, 0.492455, -2.65097
-0.367444, 0.278551, 0.356851
0.731446, -1.00832, -0.227688
-0.608752, -1.27951, 0.275211
0.903948, -0.530091, -1.3179
-0.299122, -0.237712, -0.230873
1.17309, -2.56343, -0.271849
-0.03391, -1.09163, 0.675641
-0.255732, -0.553951, -0.226982
-1.38264, -1.82281, 0.532768
0.578816, 0.287803, -0.416431
0.237405, 0.344011, 0.0960521
1.15954, 1.18493, -0.220685
0.117149, -0.492434, -0.157838
-0.50868, 0.764684, 0.699851
1.40562, -2.55967, -0.579952
-0.330924, 0.792429, -0.611497
1.8216, -0.242107, 0.258395
-0.068609, -1.10143, 0.246253
-0.0884026, -0.739956, -0.40429
0.411767, -0.99424, 0.812191
-0.140662, -0.85628, -1.05277
0.237858, 2.02525, -1.48192
0.932697, 1.33704, -0.43512
-1.04909, -0.144337, 2.95428
0.858904, -0.378559, -0.235734
-0.493329, -0.43506, -0.90065
-2.48981, 1.68865, -0.502871
-0.998545, 0.22667, -0.0302882
1.57135, 0.356396, 0.372635
0.0943574, 0.641634, -1.17577
0.277712, 0.211549, 0.640302
-0.882349, 0.567298, -0.273204
-2.38527, 1.12412, -1.04376
-0.214003, 0.575173, 0.214354
-0.0050939, 0.238624, -0.370781
0.0633692, 0.779479, 1.68795
-0.716219, 1.32126, 0.803466
0.340293, 0.5104, -0.320253
2.17127, -0.834026, -0.638699
-0.352579, -0.284582, 0.00372563
-0.426792, 0.369754, -0.260702
-1.03147, 0.367312, 0.476956
2.68258, -2.13323, -0.144927
-0.0422436, 1.61006, 0.272519
-0.0788717, -0.147269, -0.00162781
-0.998571, 1.48839, -1.09148
0.139766, 0.999919, 0.627253
0.0682273, 0.250645, 0.402904
-0.104083, 0.295241, -0.07912
0.251981, -0.045344, -1.38277
0.938845, -0.961328, 1.11268
0.417208, 0.584878, -0.0897854
0.647258, 0.825219, -0.505215
1.56953, -0.59621, 1.23468
-0.011157, -0.34567, -0.44704
-0.740028, -0.31086, 1.88346
-0.297836, 0.472629, 1.40777
0.150777, 0.463367, -0.339579
1.92108, 1.41526, -1.19801
-1.06797, 0.175552, -0.249728
0.480553, 2.03494, -1.19149
0.736477, -0.154236, -0.330105
-1.05996, -0.920771, -0.877015
-1.44092, 1.0074, 1.10934
-1.06867, 1.63176, -0.640174
-0.186718, -0.685141, -0.99981
0.181006, 0.232011, -0.0687297
-0.0635548, -0.139273, -0.460975
-0.870151, -0.331526, -0.164633
0.245221, 0.0203053, 2.85689
0.265512, 0.796047, -0.18308
0.490336, -0.639554, 2.1032
0.989093, -1.7559, 0.178596
-1.76967, 0.409546, 0.0967343
-2.01029, 1.61855, 0.846729
-0.658103, 0.158591, -0.865744
0.112308, 3.00291, -1.85745
-0.22165, -0.41365, -0.0628025
0.374589, -1.79307, -0.530329
-0.0296119, 1.14266, -0.778831
-0.92, 0.218515, -0.146601
-1.10277, -0.236212, 0.378729
0.35343, 0.135534, 1.17818
0.526743, 0.69486, -0.126062
-0.657847, 0.123932, 0.510552
1.03742, -0.634425, 0.0661195
0.225157, 0.188821, 0.307309
2.055, -0.192571, -0.192782
0.660031, -0.311816, -0.891151
0.257485, 0.832415, -0.0300718
-0.299689, -0.352716, 0.507968
0.669124, 1.40941, 0.575005
-0.35811, -0.231216, 0.490847
0.89085, -1.991, 0.444242
-0.134703, 0.345455, -0.102736
-0.136137, 0.240362, 2.76651
-0.95032, 0.0159337, -2.12853
-0.0640396, 0.749063, 0.0121624
0.299476, -0.28344, -0.790475
-0.871722, -1.44806, 0.305847
-0.537472, -0.085543, -0.0222854
0.819069, 0.214059, -1.02919
0.551109, 0.487177, 0.504438
1.64555, -1.26182, 1.26608
-0.659972, 0.192031, 0.697552
-0.0975004, 0.332025, 0.497032
0.0453118, -0.0229816, 0.346363
0.203457, 0.152413, -0.276362
0.385043, -0.212422, 0.0313661
0.0683835, 1.4389, 0.539854
0.0096696, -0.4593, 0.501233
0.149939, 0.296921, 1.19722
1.0526, 1.29578, 2.39772
0.477456, 0.440734, 0.279722
0.938747, -0.728433, 0.25392
-3.02443, -1.08103, -0.333673
-0.795527, 1.28657, -0.637838
0.380121, -2.67052, 1.74601
-1.48599, -0.695035, -0.539718
0.593257, -1.59535, -0.0761523
-0.603252, -0.726705, 0.531251
-1.77187, -0.957513, 0.478064
-0.271641, 0.896375, -0.577205
0.13996, 0.0602595, 0.657491
0.013181, -0.159174, 0.313563
-0.71054, -0.162326, -0.322396
0.709189, -0.93074, 0.0133155
0.118106, -0.396618, -0.249288
0.862183, -0.16767, -1.92257
0.381348, -0.273677, 0.199535
-0.00209597, 1.82186, -0.50036
-2.72783, 1.19394, 1.43656
-1.42139, -0.0417792, -2.84544
0.802768, 0.249228, -0.449068
0.459408, -0.0912488, -0.0810247
0.248346, 0.158815, -1.06032
0.428758, 0.376097, 1.09158
-2.39389, -0.526633, -0.620753
0.239907, -0.00608343, 0.0704094
-0.763739, -0.849299, -0.0750709
0.721771, 0.758982, 0.588737
0.463817, 0.998276, -0.650281
-0.425582, -0.830745, 0.168504
0.745268, -0.985716, 0.892266
0.430394, 0.22792, 0.359429
-0.322392, -0.25701, 0.369807
0.9671, 0.144052, 3.23315
1.08768, -0.0505159, -1.46828
-0.802216, 0.143005, 1.00584
0.379273, -1.09679, -0.648415
0.0913736, -0.0319878, 0.317891
-0.459743, -0.3009, 0.252338
1.13582, 0.566935, 2.25611
-0.454056, 0.0466758, 0.0604817
-0.821117, -0.334191, 0.334465
-1.10792, -2.47348, -1.03126
0.890493, -2.16302, -1.17504
-1.37334, -0.112259, 0.34612
-0.373067, -0.786285, -0.722844
-0.309372, -0.0272871, 1.02627
-0.69308, -0.148058, 1.93873
0.275313, -0.384538, -0.00351844
-1.20422, 0.0790223, -0.392083
0.0506754, -0.299358, -0.113208
-0.917567, -1.92117, -0.226326
0.0341514, -0.0409889, 0.681775
0.115172, 0.20392, -0.0362153
-0.350841, 0.14711, 0.898003
0.358677, 1.42603, 0.536625
-0.526798, -0.324561, -0.773132
0.657972, 0.646233, 0.0831713
-0.11305, -0.339897, 0.211789
0.403289, 0.846966, 0.211263
-0.358872, -0.293038, 2.10655
-1.44039, -2.37528, -1.01877
0.729856, -0.125995, 1.27423
-0.464426, 0.193467, 0.285616
2.11094, -0.79125, 1.48619
-0.202109, 1.40671, -0.622655
-0.323984, 0.564954, 0.249944
0.0861813, 1.29278, 1.29973
0.928279, -1.19331, 0.249676
0.872546, 0.354049, -0.162256
0.74004, 0.666576, -0.33937
0.760964, -0.865893, -0.0707786
0.169103, 0.852506, -0.234937
-0.68911, -0.318454, -0.380169
1.41148, -0.0776103, -0.493374
-0.258036, 1.0432, -0.809564
1.26314, 0.833167, -3.74733
-1.05836, 2.41481, 0.148998
0.174526, 0.118016, -1.34391
-0.154968, -0.751453, -0.528332
-0.472784, -0.322127, 0.79584
0.129005, 0.24672, 2.51093
2.15871, 1.01565, 2.32864
0.08308, 0.07638, 1.33165
-2.28215, 0.830854, -0.78648
-0.935881, 2.30522, -1.54067
0.0956531, -2.8954, 1.03566
-0.426086, -1.55673, -0.0190281
-1.08967, 1.90652, -0.479388
-0.490842, 0.175858, -0.05011
-0.138938, -0.110486, 0.198108
1.75996, 0.172977, -0.333345
-0.740063, -1.46386, 0.876695
0.731619, -1.24227, -0.416087
0.701796, -0.557991, 0.0361775
-1.35474, 0.939917, 0.0646451
-0.862136, -0.820039, 0.402772
0.282248, 0.452625, 0.0195515
0.0239848, -0.502445, -0.904901
0.990495, 0.498626, -0.7876
-0.903227, 0.8338, 0.302996
-0.768003, -1.21709, 1.11032
0.364749, -0.0352975, -0.187114
-0.849557, 0.248107, 2.08979
0.535942, -0.674985, 0.650899
-0.241083, -1.14692, -1.70306
0.523509, 0.986067, 0.394946
0.75344, -0.191752, 0.492292
-0.161891, 0.328022, -0.908291
1.19354, 0.678383, -1.07271
-0.195147, 0.470361, 0.157488
0.278164, -0.408405, 0.462526
0.252964, 0.0616789, -0.0767657
-0.113176, 0.158664, 0.533594
0.256603, 0.392855, -0.136404
-0.0607163, -1.74726, -2.89726
0.369665, 0.325864, -1.49107
-0.3854, -1.42251, 1.26605
-0.446369, 0.874689, -1.03911
-0.623387, -0.322057, 0.874551
0.146465, -0.374339, 0.303096
0.834964, 0.93295, -0.226587
-0.109892, -0.5255, 0.882531
0.170063, -0.553523, -0.82744
0.381174, 0.000415998, 0.286226
-0.195129, 0.480322, -0.246066
-0.14931, 1.34159, -1.76253
0.802632, -1.28886, -0.351794
1.11725, -0.827213, 0.491294
0.20062, -0.231796, -1.54503
-0.431632, 0.394137, 0.950489
-0.517504, -0.756912, 1.09675
-1.33675, -1.01107, 0.314328
-2.04818, 1.86785, -0.672012
-1.46697, -0.476972, 1.10079
0.721017, -0.14578, 0.679324
0.692081, -0.957623, 0.936108
-1.357, -0.559641, -0.350545
-1.49503, -2.1939, 0.314374
1.09533, 1.58377, -0.31281
-2.22557, 0.78902, 0.0587988
-1.04238, 1.2037, 0.923139
0.642679, 0.749818, 0.797264
0.697318, 0.17388, 0.856
-1.15201, -0.209725, -0.183562
1.8303, -0.710164, -0.24468
-0.169019, -0.340585, -0.713405
-0.632236, 1.60002, 1.09813
0.697306, -0.522564, -0.457536
-0.749769, 0.916252, 1.75202
-0.555158, -0.452167, -1.30658
-2.07255, -0.0913974, -0.259423
0.135635, 0.57976, 0.4338
-1.82248, -1.56185, 2.36656
0.818858, 0.522295, 1.39614
0.636535, 2.30235, 1.1191
-0.660207, 0.259686, 0.266095
-0.0564986, -0.18114, -0.0650991
-0.422278, 0.728274, 0.53929
0.241639, 0.126346, -0.131461
1.65785, -2.25587, 1.75787
-1.88944, -1.97704, -1.71615
0.32791, -0.37244, -2.35897
-0.0561525, 0.134496, -0.186725
-0.635604, 0.418428, 0.921643
0.0101776, 1.08974, -1.04253
-0.164625, -1.03204, 1.78669
2.69546, 1.83452, -1.43481
-0.280493, -0.0372542, -1.11712
0.143562, -0.500973, -0.410571
-0.121665, -0.207042, -0.803085
-3.24715, -1.03417, 0.679571
0.315006, -0.596855, -1.33501
0.0564753, 0.24774, 0.944255
-0.142142, -0.855036, -0.735844
0.78595, 0.747919, 0.285637
0.792068, 0.73452, 0.373344
1.36172, 1.07652, -1.03615
0.782915, 1.9699, 0.909571
1.33205, -0.936395, 1.28865
-0.142687, -0.465164, -1.19958
-1.33, -1.38284, -0.368712
-0.334187, 0.641497, -0.205013
0.106396, 1.60201, -0.533523
0.573151, -1.06932, -1.67092
0.727255, -0.641293, 0.157254
-0.664546, -0.822045, 1.60887
-0.659545, -0.437696, -0.125982
-1.19568, -0.245155, 0.406317
0.0743329, -0.215747, -0.219797
-0.0494824, 0.25219, 0.774626
-0.0797979, -1.37599, 1.12844
0.151256, 0.0932047, 0.139229
-2.59361, -0.582495, -1.8582
-1.63973, -0.612742, 0.396342
1.2567, -2.45969, 0.354695
0.821829, -0.349455, 0.193284
-0.0372613, -0.0742551, -0.148661
-0.68237, 0.203835, -0.0685808
-0.249774, -0.594257, -0.161885
0.377243, 0.278881, 0.404664
1.29355, 2.76736, 2.39986
0.757917, 0.688428, -0.285171
0.507411, -0.243213, -1.18006
0.922551, -0.251368, -3.11854
0.838467, -0.398147, 0.735009
-0.177228, 0.13241, -0.822699
-0.377759, 0.0565116, -0.232378
-0.5738, -0.805437, 0.905072
-1.6538, -0.667339, 1.31835
-0.783852, 1.21099, -1.10462
0.453054, -0.0911349, -0.398396
0.265055, 0.827955, 0.383478
0.723175, -0.689154, -0.70053
-0.366609, 1.50491, 2.5764
-0.944636, -0.176869, -0.301708
-1.48356, -1.74819, -0.85854
-1.21808, -0.277838, 0.60306
0.777849, -0.47733, 0.900572
-1.11065, 0.964219, 0.306253
-0.625486, 0.395284, 0.479675
-0.451417, -0.774691, 0.378299
1.53401, -0.510825, 0.852456
-0.182315, 0.26471, -0.223743
-0.162048, -0.514148, -0.253842
-0.19349, -1.78063, -0.144721
1.35145, 2.5921, 1.92868
-1.18289, 1.30783, 2.44193
-0.195439, 1.01453, 0.338899
0.58216, -2.09313, 0.488851
3.01129, -0.880751, 2.64038
0.705342, -0.434192, -0.489289
-1.13579, -0.845933, 0.24032
0.475985, 0.263993, -0.378787
-2.01358, -3.35951, -1.27087
0.244484, -0.311376, 0.152248
0.215303, -0.202518, -1.05529
0.914072, -0.497936, 0.027661
-1.90636, 0.403381, -0.635779
-0.182084, -0.575893, -0.494545
1.63228, -0.42027, -0.40592
-0.835873, -0.0377311, -0.0508977
-0.143095, 0.56694, 0.576364
0.157979, -0.129166, -0.312943
-1.28182, 0.117961, -2.43567
0.587066, 0.235396, -0.925718
-0.38619, -0.426591, 0.657652
-0.999152, 1.45129, -0.0596819
-0.217499, 0.155892, 0.143541
-0.406606, 0.321283, 0.149497
-0.00698848, 1.86419, -1.59963
0.408774, 0.679486, -0.674156
-0.922642, -0.272128, -1.16976
0.370706, -0.00173034, 0.16201
-1.32176, -0.172524, -0.502551
0.507383, -0.0352514, -2.36714
0.603377, -0.376064, -0.427398
0.429686, -1.01157, 0.574546
-0.680459, -0.952888, -1.10445
-0.0199973, 0.301024, 2.48169
-1.1255, -0.888896, 1.37975
0.803977, 0.920174, 0.918937
-1.67591, 0.326179, -0.222514
-0.649493, 1.91525, -0.985502
0.381563, 1.07111, -0.297995
-0.638014, 0.921916, -1.03498
1.47161, 0.740861, 0.585023
-0.0385926, -0.431528, 0.149276
-1.11838, 1.6576, -0.927604
1.65703, -1.42754, -0.487526
0.340147, -0.0689255, -0.391983
0.370215, 0.26175, 0.631777
0.242307, 0.265993, -0.227438
-1.8757, -0.161275, 0.600155
0.568994, 0.937374, 1.51062
0.745853, 0.348927, -3.02072
-0.422318, -1.32208, -0.507193
-2.37879, -1.66805, -3.52469
-0.542225, 0.360814, -1.79362
0.213156, -0.136462, -0.704221
0.267775, 0.841614, -1.15306
1.21638, 0.67299, 2.39828
-1.40895, -0.33108, 0.799624
0.370923, -0.382216, 0.326719
-0.871679, 1.20449, 0.258931
-1.93872, 1.19287, 1.44509
-0.749852, 3.82749, -0.786807
0.255358, 1.41694, 0.106541
0.959874, -1.06018, -0.423563
-0.135292, 3.3679, -2.48981
-0.510902, 0.471676, -0.273256
0.27572, 0.722112, -1.33347
-0.493073, -0.654102, -0.277101
-0.312811, -0.620189, 0.0376222
-0.906244, -0.745284, -0.181084
-0.0259913, 0.875332, 2.3936
-0.236122, 0.0104234, 0.180016
-0.254387, 0.646091, -0.131212
0.46402, 0.0620358, -1.63794
-1.13059, -0.633198, -2.25851
-0.1017, -1.04017, -0.621944
-0.136515, -0.649722, -0.524279
1.26922, -0.832741, -0.762837
3.95274, 1.12174, 1.79756
-1.08171, 0.05362, -2.48336
-0.755194, -0.558322, -0.338816
0.334302, -1.38816, -0.775396
-1.38102, -0.981386, -0.424145
-0.526293, -0.276021, -2.04497
0.0199968, -0.178455, -0.175817
0.39096, 1.59533, 0.465058
0.76666, -0.20331, 1.33186
2.57574, 1.67867, 0.360986
1.68503, 2.33006, -0.868004
0.605458, 0.651772, -0.157132
-2.01968, 0.238327, -0.951815
-0.765575, -0.632837, 0.232722
0.506048, -0.749177, -0.177309
-0.128961, 1.32385, -0.571075
-0.599769, 0.848812, -0.654761
0.34628, -0.106826, 0.36064
-0.064675, 0.279093, -0.753199
-0.165076, -1.16306, -1.89877
1.37898, -2.03228, 1.22946
-0.793844, -0.390821, 0.823831
0.552115, 1.14234, 0.549696
0.390366, -0.640438, 2.57372
0.387473, 0.166744, -1.22139
-4.23608, -1.59028, 0.376974
0.174208, 0.013376, 0.80979
-1.3474, -0.0722818, -0.546452
-0.47551, -2.23991, -0.202887
-0.146631, -0.749543, -0.818204
-0.482608, 0.843511, -1.03469
1.99457, 0.109382, -1.16388
-1.39383, -2.2994, 1.44238
0.358471, 0.645903, 0.64575
-0.837338, -1.59119, -0.269723
-0.668571, -0.756352, 0.893403
0.236865, -0.235118, -0.221075
-0.963681, 0.808891, -0.239786
-0.168253, -1.34298, 0.126774
1.16769, -0.394693, 1.46448
0.420601, 2.61927, 0.539861
0.910441, -1.01962, -0.988274
0.549312, 0.641802, 1.42291
0.225768, 0.448105, 1.17934
-0.0562606, -0.53714, -0.1848
0.746049, -0.415242, -0.142384
0.0150517, -1.60953, -0.335233
1.98447, 1.32925, -1.43141
-1.87298, 0.278504, 1.26996
-2.08836, 0.234546, -1.5823
0.29068, -1.04414, 1.0771
0.970323, 0.880217, -0.514343
-0.412205, -1.75228, -1.67593
-0.0145911, -0.104951, 0.436608
0.221636, -0.705032, -0.0899159
0.282664, -1.11282, 0.814007
-0.0860424, -0.87112, 0.158216
0.920056, -1.07891, -1.55158
-0.564877, 0.425688, -0.00576444
0.012991, 0.248621, -0.741358
-1.62072, 1.02608, -3.14126
-0.549939, 0.0469305, -0.500991
-0.575124, 0.103241, 0.377848
-1.2635, -0.339872, -0.767371
0.737333, -0.287425, 1.00885
0.517538, -1.21767, 0.66109
-0.726972, -0.361601, 0.849646
0.0985393, 0.872729, -0.420838
-0.97941, 0.189887, -2.05342
-0.510518, -0.247171, -1.53361
0.23542, 0.0751322, 0.281313
-0.0259861, 0.169575, -0.378082
0.433917, 0.435139, 0.335005
0.387983, 0.23734, 0.0395388
-0.787833, -0.00192606, 3.39508
-0.615486, 0.593819, -0.232934
-1.07554, 0.686292, -0.654638
-1.72439, -2.50981, -0.351405
-0.380726, -1.23435, 0.425528
-0.526081, -2.12317, 2.48794
-0.156159, -0.0245377, -0.0089342
2.32047, -1.45521, -0.647123
-0.0398595, 0.702765, -0.355631
-1.02763, 0.666829, -0.502812
0.401552, 0.650249, 1.35962
0.540528, 0.250468, -1.00377
-0.697786, -0.985945, 0.454909
0.558713, 1.11782, 0.0869668
-1.06654, 0.404137, 0.190803
-0.152689, 0.466415, -0.834963
0.444941, 0.156801, -3.31718
0.189984, -0.89457, -0.551742
0.56284, -0.689465, -1.59657
0.584885, -0.185242, -0.266828
0.0809231, -1.36282, -0.871536
0.763158, -0.317258, 0.436269
2.71812, 1.12137, -0.936476
0.223319, -0.0962741, 0.14404
-0.0250263, 1.06683, 0.122138
1.1941, 0.546994, 1.00642
-2.32813, 0.458008, 0.00182287
-0.575242, 0.0851093, 1.45816
1.11819, 1.55275, -0.823511
0.284973, -0.608776, -1.33002
-1.31588, 0.613, 1.5741
-0.212309, -0.396773, 0.24294
-0.0863601, 1.08251, 0.528334
1.29521, 2.15198, 2.14307
-0.658042, -0.60799, 0.521787
-1.35642, -0.58541, 0.650935
0.222359, -0.765444, 0.181238
-1.43581, -1.26139, -0.758994
1.09172, -0.91388, 0.471139
0.378451, 0.100362, -1.07043
0.570283, -0.798366, 1.0433
0.0937353, -0.924657, -0.814799
0.0321665, -0.76828, -1.66347
0.492501, 1.61523, 0.502836
0.131276, 0.983904, -0.762599
0.435615, 0.729199, 0.578319
0.3121, 0.127405, 0.0784426
0.319092, 0.931169, -1.12118
-0.767935, -0.176256, 0.603456
-3.19875, -1.27667, 0.432321
0.368372, 0.370188, -0.746205
-0.298387, 0.923617, -1.56913
-0.378886, 1.41704, -0.726409
-1.1058, -1.02685, -0.943931
-0.926682, 1.63877, -0.210721
0.630476, -0.892344, -1.14509
0.000781673, -1.65916, -0.719274
-1.29529, 0.732637, 0.67471
0.194646, 0.11117, 0.131592
0.00455107, 0.073226, -0.178383
0.0888298, -0.603132, -1.19033
-0.593228, 0.952549, 0.294107
-0.415818, -0.993555, 0.746278
-0.101745, -0.23855, 0.398705
-0.854898, 0.167376, -0.628037
0.31812, -0.72707, -0.106846
-0.503338, -0.459751, -1.01704
1.67675, -1.02796, 0.462257
0.209153, 0.361138, -0.474491
-0.180013, 0.124649, -0.352736
-0.618367, 2.07104, -0.865578
0.416025, 1.65568, -0.436685
-0.0222378, 2.17481, 0.494056
-1.15284, 0.287925, 0.0374129
-0.302624, -0.54769, -1.51876
0.303808, -0.927788, 0.444428
2.69088, -0.00232163, -1.86953
1.40783, -0.732543, 0.121957
-0.633168, 0.322351, -0.380007
0.276416, 0.641317, 1.6257
1.48963, -1.66483, -1.15339
-0.455657, 1.0409, -1.53629
-0.285374, 0.659341, 0.172064
-1.54319, 0.384159, 0.771666
-0.792813, 0.0471711, 0.726862
3.04432, -0.44727, -1.76306
0.479744, -0.664275, -0.149677
0.233329, 0.00519091, 1.02761
1.26319, 1.31727, 0.423264
0.0803393, -0.929194, 1.03472
-0.31689, 0.79816, 1.18527
-0.721314, -0.370297, -1.0033
0.141913, 1.2611, 0.876038
-0.377932, -0.466013, 0.857704
-2.137, 2.8025, 1.30614
0.932107, -0.897367, -0.695822
0.0124483, 0.908293, -1.76808
-0.578524, -0.28195, 0.139715
1.12379, 1.15926, -0.804765
-0.363014, 0.415673, 0.927552
0.232992, -0.394368, 0.130369
-0.196, -1.29879, -0.60995
-0.524485, 0.0481814, -0.922258
-0.742099, 0.434966, 0.406635
-0.415744, 0.519184, -1.19624
-0.868137, -0.528825, -1.23403
0.241476, 1.27488, 0.123567
0.123028, 1.60636, -1.34512
0.635931, 0.512411, 1.25384
0.417961, -1.8468, -1.34206
-1.14439, 1.07112, -0.204378
-0.139919, 0.188723, 0.126299
0.907733, 0.61348, 0.650263
-0.327572, -0.94723, -0.250291
-0.284564, 0.580595, -0.382603
-0.947247, 0.384066, -0.436589
-0.640577, 0.0708607, 0.48025
-0.817195, 0.731411, 0.145949
0.660355, -1.76477, 1.67854
-1.02149, 0.0941838, -0.539265
0.212655, -2.01509, 0.692566
0.246073, 0.606515, 0.692797
-1.47934, 0.472151, -0.162493
0.468167, -0.375941, 2.97252
-0.509612, -0.128126, 0.105864
0.114488, -0.824471, 1.8849
0.206331, 0.79711, -0.0108559
-0.828578, -1.20479, -1.57027
-1.03069, -2.85374, -0.817827
-0.676434, -1.09864, -0.69905
-0.977256, 2.13018, 0.187887
0.850797, -0.0933631, 0.090187
1.06611, -1.04824, -1.6281
0.289926, -0.384964, -0.619016
-0.0382468, -0.394248, 1.1534
-0.332861, 0.555358, -0.678662
-0.050368, 0.229138, 0.571482
-0.162022, -0.331018, -0.529192
-0.546262, 0.680383, 0.223149
1.5807, -1.87961, -1.60473
0.439421, -0.621976, -1.53571
0.641247, -0.0881822, 0.535578
-1.2727, 0.873101, 2.01591
0.321855, 0.159561, -0.346465
0.431112, -0.0756057, -0.143337
-4.92432, 0.434786, 1.10605
0.955443, -0.509456, 0.549527
0.38369, -0.740194, 0.218207
1.90578, 0.449529, 0.833139
0.342044, 0.323608, -0.613977
1.19832, -0.524423, 0.722846
0.851215, -2.78904, 0.487721
-0.360639, -1.59407, -0.345815
-0.515758, -0.393749, 0.392261
0.113709, -0.742691, 0.433076
-2.75146, -1.12049, 0.278276
0.409118, -0.761134, -0.0348544
0.146594, -0.314919, 0.287129
0.692699, -0.61746, -0.673744
-1.6825, 0.728621, 0.395066
1.10981, 0.71303, 1.01423
-0.385515, -1.87022, 0.00807658
-0.232059, -0.383318, 0.17434
-0.305662, -0.425693, 0.154393
-0.983988, 0.143005, 1.9687
-0.140278, 0.391931, 1.51245
0.116974, -0.398544, 0.957235
-1.62406, -0.396705, -0.777752
1.38561, 1.65217, 0.37509
0.0413971, 0.806255, -0.629247
0.160202, 1.7965, -0.0558659
2.79856, -1.62569, 1.608
-1.19526, 0.0519479, -1.01399
1.06474, -0.233682, -0.00591053
-0.0541233, 0.436895, 0.288163
0.322231, -0.901017, 0.261529
0.380214, 0.0345104, -0.408205
-0.0756027, -1.02771, -0.463217
-0.46439, 0.770815, -1.38955
-0.311775, -0.669796, 0.110889
0.624449, 0.211904, 0.82232
-0.758475, -1.31067, -2.30668
1.40193, -0.504004, 0.301922
-0.938539, -2.70439, 3.12761
-1.65916, 0.0254135, -0.661901
-1.03746, -1.07627, 0.617886
0.354734, -3.36635, -0.605593
0.680382, 0.0975229, 0.0799652
-0.0781361, 0.394635, 0.480804
-1.18336, 0.84569, -0.211037
-0.715168, 0.544369, 0.0413527
-0.39479, -0.50216, 0.287793
0.964479, -1.0025, 0.511275
0.293605, 0.244743, 0.436844
-0.423767, -0.447151, -0.20251
1.23007, 0.648095, 0.280757
-1.05689, -0.082004, 0.253662
-0.00940198, -0.356727, -0.0872227
-0.0903373, -1.02029, 0.677417
1.30566, -1.06354, 1.43563
-0.359705, 0.129598, 0.263062
1.15477, 0.1501, -1.27348
-0.650347, -2.14954, -0.308114
0.958485, -1.69731, 1.40327
-0.114314, 1.51949, -0.330666
0.46033, -1.16507, -0.294882
-0.42141, -0.0189455, 0.116499
-0.436559, -0.103586, 0.0705922
-0.501885, 0.0956546, 0.0144936
0.817411, 0.0534172, 0.777214
0.244746, -0.209318, -0.218103
-0.553346, -0.0522126, -0.683173
1.30822, 1.3036, -1.11427
0.172639, -0.0253686, -0.749441
-1.5838, -0.149059, 0.183145
0.275921, 1.30997, -0.17508
-0.090463, -0.029171, -0.267906
1.07903, 0.124564, -0.005582
0.238558, 0.333202, -1.08137
0.0759809, -1.55194, -1.70167
1.20008, -0.371166, -0.342162
-0.249467, 2.50733, 0.862594
1.50661, 1.54943, 1.15204
-1.81267, -1.12118, 1.71854
0.271822, 0.760484, -0.962674
-0.199408, -0.38055, 0.214504
-0.43639, -0.218478, 0.110774
-0.132889, -1.16806, -0.546847
0.306321, -0.66313, -0.15031
0.00216024, 0.00378441, -0.907176
-0.548035, 0.462934, 0.138411
0.551577, -1.01055, 0.0722684
0.0474051, 0.0598077, 1.11095
1.32333, -1.71373, -0.167158
-0.375986, 0.571305, -0.298515
2.14408, 1.06424, -3.18591
0.640952, -0.388862, -0.756655
1.51007, -0.434218, 1.31269
-0.369417, 1.36311, 0.0860936
0.376378, 0.297372, -0.401189
0.556996, -0.162248, -0.207057
0.997112, -0.31076, 0.925789
-0.198836, 0.828292, 0.388637
-0.200173, 0.218248, -0.889902
-0.915851, -0.149294, 1.32322
1.49692, 0.654332, -1.85986
1.21057, -0.288668, 0.44592
0.983438, -0.0914266, -0.775514
0.148645, -0.451447, 1.99607
-0.553287, -0.106197, 0.19847
-0.00137223, -0.0704998, -0.0968028
-0.0703023, 0.129701, 0.687625
-0.512856, -1.55531, -1.09352
-1.54305, 0.0522773, -2.06082
-0.0528315, 1.14835, 0.8987
-1.81346, -1.07383, 1.23439
-0.434317, -0.182859, -0.295537
-0.751361, -0.110435, 0.136064
-0.207012, 4.86283, 1.24148
0.195378, -0.596359, -1.68128
0.748476, -0.452772, 0.20666
-0.241288, 0.431628, 0.473368
-0.126643, -1.42164, -1.05949
0.211625, 1.1412, 1.43533
-0.419563, -0.153783, -0.638229
-1.18752, 1.06058, -2.32284
-0.0835753, -1.32327, 0.404541
-2.09714, -1.98667, -1.71811
2.34578, -0.235225, 0.425698
-0.215179, -0.841553, -0.290311
0.626677, -0.000459978, -0.315487
-0.603938, -0.056044, 1.43848
-0.0558482, 0.151707, -1.60566
1.43278, -0.202491, 1.15679
-0.654588, 0.290652, -1.04633
0.481775, 0.611789, -0.595936
0.428183, -0.179627, -0.552953
1.30284, -0.813634, 2.72079
-0.895258, -1.69033, -0.268353
0.333388, -0.498298, 0.0952657
1.73456, 1.5939, -1.28671
0.600191, 3.42315, -0.160692
-1.11733, -1.48339, -2.62673
-0.527093, 0.756738, -0.212152
0.663581, -0.160533, -2.14995
-0.480722, -1.02876, 0.860074
-0.630402, 0.434258, -0.177185
-0.577731, 0.0170124, 0.143923
0.149704, -1.17297, -0.809397
0.604502, -0.88135, 1.19445
1.70171, 1.17284, -0.292402
-0.578909, -0.723378, -0.783261
-0.709433, 2.1585, -1.48943
0.271749, -1.28705, 0.562539
0.741691, 1.68993, 1.5584
-0.0436913, -0.100284, 1.44422
-0.264008, -0.295957, -0.0459058
3.0643, 1.3961, -2.11024
1.02127, -1.41115, -0.237263
-0.0669978, 0.78435, -0.431425
-0.337073, 0.389589, 1.92224
-0.340894, -1.13244, -0.00215303
-1.24449, 2.2305, 0.613223
-0.159154, 1.97773, 0.537894
-0.235437, -1.30702, 1.05945
-0.542571, -1.82275, -0.0702778
-1.69365, 0.354167, 1.77749
1.89368, 0.10607, 0.134662
0.128068, 0.266983, -0.328674
-1.31567, -1.80116, 0.646789
1.7266, 2.55526, -1.54609
0.389519, 2.88013, -1.38218
0.0273865, -1.38364, 2.23118
0.162433, 0.604401, -1.04338
1.95509, 0.537366, -0.94644
-1.79487, -0.370956, 2.18405
-0.750315, -0.327026, 0.948078
0.284594, -0.775722, -0.0202156
-0.137012, 1.69667, -1.08436
0.532367, -0.426664, -0.512135
-0.0312378, 1.01341, -0.357911
0.198257, 0.272105, 0.85074
-0.187901, 0.309402, 0.773658
-0.282533, -0.631625, 0.371902
0.176961, -0.0870125, -1.31996
-1.17076, -1.42081, -0.888938
-0.442756, -1.50632, 1.19898
-0.554133, 0.0973235, 0.175927
-0.574589, 0.323338, -0.737112
1.80335, 1.20508, 1.84908
-1.06123, -0.777857, -0.11865
-0.434297, -1.7104, -0.0725936
0.462601, -0.446099, -1.22784
0.257769, 0.386701, -1.04952
-0.185536, 0.495415, -1.63506
-0.467418, -1.65284, 1.19371
0.0703059, -0.0437, -0.350692
0.430286, -0.432812, 0.746627
-0.772818, 0.822753, 0.665015
-0.0906323, -0.357862, -0.903505
-1.912, -0.391573, -0.236813
0.597027, -0.96347, 0.0420673
1.52582, 0.985221, 0.21123
2.28771, -0.601344, 2.27928
-1.09692, 0.677861, 1.01179
0.569527, 0.797005, 0.178608
0.115441, 0.466326, 0.382403
-0.316843, 0.28708, -0.428092
-0.703848, -0.404038, -0.221955
0.0658514, -0.656549, -0.00472096
0.526721, 1.18956, 0.970018
1.52352, 0.468736, 0.557409
0.298396, -0.21198, -1.08554
-0.23132, 0.575185, -1.36771
0.225066, 0.197611, 0.620614
0.4102, -0.896422, 0.465619
-1.0638, -0.273255, 0.638554
0.176218, 0.516355, 0.323891
0.103931, 0.147223, -1.35336
0.396379, 0.231708, 0.0594489
0.155726, 0.133664, 0.158046
0.205624, 0.0445284, -1.1855
1.05253, -0.104274, 0.00457577
0.199141, 0.465288, -0.100256
0.131904, 0.82397, 0.168686
0.250254, -0.902227, 0.611984
0.65643, -0.109053, 0.660443
0.252234, -0.286292, 0.00288503
-0.103614, -0.332574, -0.05672
-0.74806, -0.794033, -0.975668
-0.664632, 1.95046, -0.720067
-1.33905, 2.11874, 0.00904867
-1.96848, 1.21992, -0.00734952
0.859959, -1.92874, -1.71747
-0.755321, 0.418542, 0.343647
1.10853, -0.565048, 0.675379
0.667176, -0.0106801, 0.494574
0.034724, -0.00563495, -0.695069
0.819879, -1.1852, -0.744282
0.828447, -0.664495, -0.134739
1.15758, -1.18783, -1.86214
-0.509439, -0.851693, 0.312737
-0.481419, 0.00762356, 0.345506
1.14352, -3.07664, -0.178182
-2.01751, 1.52773, -1.85631
1.64589, 0.541573, -0.620088
-0.426293, -0.598013, 0.690407
-1.7566, 1.29105, -2.28492
-0.14679, -0.52517, 0.518832
-0.924666, -0.767017, 0.436572
-1.49136, -1.57528, 0.448848
1.14199, -0.0570475, -0.317472
-1.50884, 0.31157, -0.234005
1.87931, 1.57664, -1.52841
0.496378, -1.60721, 1.50681
-0.0338809, 1.5599, -1.35893
-0.471803, 0.80099, -0.185296
0.0851996, -0.663664, 1.70362
-0.0369161, -0.850146, -0.438295
-0.286519, -0.369359, 0.651131
-0.279994, 0.696258, -0.208294
1.49842, 0.191542, -1.09131
-0.33331, -0.0614298, -0.641531
-0.647744, 0.55004, -0.670199
0.854808, 0.648996, 0.706375
-0.530637, -2.19562, -0.232259
-1.45685, 0.101695, -1.67086
-0.774807, 0.0570956, 0.425689
-0.574999, -0.479928, 0.314978
-0.209574, -0.0728246, -0.47493
-0.0519962, 0.12096, -2.12889
0.160454, -0.411454, -1.00996
-0.147883, 0.0123686, -0.3266
0.117434, -0.452045, -0.627557
-0.223961, 1.55176, 1.40575
0.245589, -0.466312, 0.188399
-0.240102, 0.433518, 0.074698
0.536676, 0.315639, -0.136752
-2.07796, -1.9626, -0.948344
1.50572, 0.688729, 0.0530565
-0.645759, -0.139391, -0.185077
-0.234353, -0.0578587, -0.588329
0.947329, -0.883875, -1.41424
-0.0776776, -0.84329, -0.264657
-2.05566, -1.03542, -1.61706
-0.3634, 0.115553, 0.161938
0.105455, 2.32786, -1.48025
1.43107, -0.73332, 0.0906306
0.756051, 1.14875, 0.365732
-1.73896, 2.96781, -1.16236
-0.773592, -0.674721, 1.30272
-0.397001, 0.407217, -0.237804
-0.399146, 0.203095, 0.0414487
0.478683, 0.245515, 0.912763
1.34568, -0.371324, 0.189096
-1.03317, 1.27261, 1.83658
-1.13318, -1.37262, -0.537479
-0.382713, -1.30956, -0.417578
0.12561, 0.605955, -0.0188664
1.69979, -1.55211, 0.383302
0.588606, -0.389117, -0.0673839
-0.362882, 0.998015, 0.748495
-0.400102, -0.0898887, -0.798271
-0.765595, 0.441969, -1.91129
-0.0206007, 0.965185, 0.117288
2.77874, -1.45616, 1.23105
-0.164217, 0.609674, -2.51492
0.33703, -0.0188184, 0.340217
0.121318, -0.305896, 2.10324
-0.133514, -2.38308, -0.607276
0.19833, 0.75066, 1.38642
-0.621267, 0.0224761, 0.0805575
-0.101628, -1.81395, -0.315695
0.150051, -0.381282, -0.242514
-1.14505, 0.550166, 0.416851
-0.753519, -0.141473, -0.298565
0.921411, -0.171375, 1.32354
0.489135, 0.0866283, -0.088321
-0.0780025, -1.20025, -1.62264
-1.96735, 0.245645, -3.36625
-0.99945, 1.04311, 1.05275
0.135817, -0.448586, -0.455163
0.693189, -0.661289, -0.106506
0.286912, -0.776872, -1.32067
1.46671, -0.114956, 1.3225
-1.28563, -0.0553265, 0.432603
0.92276, -1.6804, 0.267364
-0.721281, 0.576561, 0.647532
-0.502394, 0.937572, -0.963249
-0.159108, 0.00359549, 0.584207
-0.201513, -0.44736, 0.177748
-0.244464, 0.152964, 0.624531
-0.783691, -1.11632, -0.277044
-0.678084, -0.0191535, 0.423085
0.871231, 0.729319, -0.898136
-1.1702, 0.983555, 0.150688
0.599267, 0.468511, -0.924875
-0.486302, -0.209272, -0.0770325
0.767846, -0.597891, -0.145918
-0.697296, -2.46055, 0.102476
-0.0390397, -0.850094, -0.319236
-1.2439, 1.41277, 1.84528
0.0784548, 0.781092, -2.01481
0.0533154, 0.265624, -0.457083
1.77473, -0.133728, -1.7766
0.460492, 0.350272, -0.331706
1.55491, 0.177285, 2.78681
0.386657, 0.982399, -0.0146561
-0.803239, -0.196187, -0.547298
0.686327, -0.0982872, -1.45828
-0.316519, -0.615293, -0.975297
2.10603, 1.66034, -1.61427
-0.395079, -0.573539, -1.05458
-0.331535, -0.677746, -0.300166
-0.529569, 0.795218, 0.555335
0.010638, -1.13649, 1.46509
-1.10876, 0.700556, -1.46162
0.218255, -0.611452, 1.22087
-0.255006, -0.164561, -0.0868168
2.84477, -2.75419, 0.182933
-0.355665, 0.559701, -0.113074
-0.949267, -0.216323, 0.469658
0.286881, 0.0754918, -0.183527
0.33289, -1.89717, 0.367629
-0.707821, 0.282868, -0.912419
1.83707, 0.871889, 0.152174
0.504505, 0.0950284, 0.262066
-0.636881, 0.170109, -0.821664
-0.188868, 0.598565, 0.379305
-1.472, 1.36855, -1.36671
-1.88676, -1.00669, 1.81215
-0.0685222, -0.292678, 0.573536
0.582769, 0.305684, 0.241844
-0.214251, -0.539539, -0.391527
-2.59341, 0.418835, 1.28513
-0.254471, -0.985987, 0.711449
-0.0351605, 0.0272936, -0.172875
1.88488, 0.627696, 0.16958
0.087509, -0.825678, 0.621697
-0.403512, 0.484597, 0.237368
-0.887538, 0.404071, -0.0243489
-0.487981, -0.135152, 0.792745
0.0714353, 0.621799, 0.128491
-1.1629, 0.484, -1.69369
1.13817, -0.899938, 0.589324
-0.408692, -0.719342, 0.455671
-0.0696918, 0.074811, 0.793888
-0.516148, 0.130095, -1.28947
0.380165, -0.0316037, 0.0172457
-0.0682044, 0.18408, -0.682801
-0.302265, -0.612209, -1.54975
-2.66071, 1.16149, -1.27909
-2.75511, 0.274348, 1.12283
1.75019, -0.883866, -0.0134676
0.367126, 0.570171, 0.672088
-2.16855, 1.08871, -0.969935
0.719054, 1.16153, -0.423915
0.39602, -0.659875, 0.961186
0.975025, -0.461896, 0.826886
-1.63063, -0.286566, 0.294932
1.08994, 1.10262, -0.513248
1.75198, -0.770021, -0.828389
0.232918, -0.146473, 0.600367
1.65805, -1.18543, 0.518593
0.407127, -0.532099, 0.550695
-0.894888, -0.54044, 1.67544
0.161726, 1.29024, -0.882694
1.37039, 0.0858121, -0.148389
0.0835601, 0.44173, -0.975733
0.402309, 0.379887, -0.114352
0.772398, 1.67823, -3.57584
0.966547, -0.584766, -0.43208
0.423706, 0.762642, -0.503756
0.37897, 1.39791, 0.553941
0.217875, -0.120805, 0.716764
0.0321966, 0.116274, -0.474711
0.492866, -0.516104, -0.175776
-1.00352, -1.7121, -2.15831
-0.0921206, 0.143995, 0.131469
0.234785, 0.605909, 0.253049
0.508869, 0.566282, 0.529694
2.12212, 1.4067, -0.225041
2.12318, 1.51937, 0.0223612
-0.455337, -0.318289, -0.0846102
-0.578474, -0.0416662, -0.689572
1.87549, 0.626425, 0.363427
1.48935, -0.228623, -1.83843
-1.4886, -0.127045, -0.433541
0.450696, -0.868212, -0.0842327
-1.69055, -1.00033, 0.495933
0.771907, -0.666118, 3.26249
1.33685, 0.528939, 0.957046
0.448325, 0.436659, -0.406281
-0.652103, -0.198989, 0.308155
0.696141, -0.1855, -2.19886
0.0702044, -0.453359, 0.0962459
0.0475704, -0.0449617, -0.467827
0.160079, -0.879988, 0.221832
0.292823, -0.106805, -0.258374
0.370747, -2.11963, -2.37938
0.454523, -0.78189, 0.169803
-0.108451, -1.61308, -0.00297519
1.62313, 1.49748, 0.929414
-1.2348, 0.552956, -0.254122
0.0604971, -0.316839, 1.98221
2.1141, 1.95226, 1.81848
1.71836, -0.547225, -0.217675
0.181579, 0.417802, -0.804417
0.4687, -0.468971, 0.0363272
-1.76109, 0.0625548, -0.608301
-0.887588, 1.16758, 0.0420874
0.366945, 0.566751, -1.09645
0.436578, -2.27319, -2.51953
0.0916429, 0.482742, -1.13425
-0.568597, 0.207288, -0.0532661
-1.21329, -1.6242, 1.11349
-0.927106, 1.16629, -0.971608
-0.316573, -0.181929, -0.533853
0.82589, 0.329995, -0.747071
1.07951, 1.64044, -0.894388
-1.44789, 0.30941, 0.876029
0.453011, 0.170482, -0.905371
-0.136211, -0.437216, 0.24027
-0.131385, -0.642655, 0.383506
-2.25758, 0.892207, -0.845797
-0.987407, -1.2138, 2.056
0.324686, 0.297064, -0.598538
-0.0526984, 0.890403, -1.92325
0.474024, -0.728888, -1.3548
1.5088, 1.72032, -2.38805
0.25337, 1.27576, -0.175443
0.101878, 0.349675, -0.306522
-0.0998066, -0.294115, 0.833263
-0.720161, -0.489759, -1.13447
0.112869, -0.0857295, -0.433835
-0.123782, 1.06776, 0.352424
1.69814, -0.429553, -0.626018
-0.646252, 0.535292, -0.128759
0.537093, -0.810058, -1.60112
-1.01976, 0.40013, 0.268694
-0.0196481, 0.636209, 0.198408
0.199336, 0.40832, -1.89752
-2.24919, 0.394771, -0.432503
-0.795845, -1.27951, -0.722496
-0.48212, 2.82813, 1.31107
0.627692, 0.197485, 0.449005
-0.692848, -0.763202, -0.868056
-0.0200422, 0.340064, -0.642427
-0.290047, 0.633523, -1.04329
0.618918, -0.662768, 0.131672
-0.597261, 0.302395, 0.184403
-1.39348, 1.14937, 0.36798
1.57869, -0.102674, 0.429589
-0.6025, -1.51571, -0.334848
3.33387, -0.924085, 2.62733
0.145137, -0.747693, -0.0735733
-0.447255, 0.109093, -0.343876
-1.3181, 0.238822, -1.79407
-0.501111, -0.732583, -1.19081
0.752054, -0.974606, 0.120426
-0.604846, -1.07399, 0.394014
-0.117228, 0.126965, 2.01292
-0.240603, -1.41816, -1.08764
-1.37467, 0.34973, 1.90922
-1.00325, -0.319961, -0.615046
-0.434419, 0.338878, 0.00687634
1.83598, 0.0470616, 0.601354
0.236109, -0.069355, -1.52865
-0.0660502, -0.218723, -0.555062
0.881563, -2.60981, -1.14363
0.153119, -0.00888545, -0.133158
-1.46772, -0.51197, 0.0757276
1.91593, 1.57828, 0.186666
1.10744, -1.33171, 0.964988
1.34092, 0.0217639, 0.653928
-2.00706, 1.15862, 0.537709
0.373268, -0.572212, 2.3214
1.64601, 2.08011, -1.04116
-0.303939, 0.65007, 0.192024
-0.927913, -0.125992, -0.104093
-1.23184, 2.29967, -0.67759
-1.34156, 1.79975, -2.25366
-0.713518, 0.794816, 0.504846
0.567358, -0.0422017, -1.25423
1.18971, -0.386543, 1.27298
0.274206, 0.437336, 0.204986
0.218751, 0.750498, 0.840343
0.0306178, -0.0358064, 0.540603
0.928304, 0.219365, -0.274095
-1.42897, 1.38791, 0.973479
-0.0334727, 0.0577132, 1.41301
-0.234869, 0.718861, -1.64659
-0.4691, 0.335745, 0.0688801
0.278435, -0.0906392, 0.79138
-0.50869, -3.23258, 0.00909847
1.08228, 0.269291, -0.236868
-0.802748, 0.922595, 0.128102
0.549392, 0.651751, 0.102861
1.08832, -0.0809715, -0.929852
0.73253, 2.10168, -1.9784
-0.471349, -0.497891, 1.74465
0.834119, -0.753419, -0.685577
-0.241454, 0.0140225, 0.249855
0.0832636, 0.524478, 0.0623646
0.16065, -0.0895268, -0.986116
-0.0408999, -0.918794, -0.236354
-0.546367, -0.862083, 0.588206
0.891621, -0.351783, -0.275251
-0.48483, 0.269613, 0.132228
1.87679, -0.730201, -0.21906
-1.79123, 0.0175785, -1.61476
-0.410687, -0.563164, 0.822642
0.776669, -0.416963, 0.215536
-0.600119, 0.398699, 0.297338
0.505463, -0.237741, -0.101629
-0.528607, 0.164561, -0.667765
-0.138822, -1.13147, 0.20975
-1.48384, -0.387307, 1.6169
0.205862, -0.504126, 0.223368
1.25536, -1.22657, 0.718473
0.116273, 0.944008, -0.540013
1.17108, 0.123651, -1.67629
-1.27296, 1.1974, -0.784723
0.940617, 1.78292, 0.105601
0.222477, -2.88302, 1.70982
-0.479857, 1.32287, 0.690089
-0.0998854, 0.605082, -0.129532
0.00784011, 0.452692, 1.12275
-0.995445, 1.01168, -0.14984
0.626145, -1.1159, 1.34925
0.680403, -0.32638, 0.760827
-0.747734, -0.262647, 0.164552
0.888939, 1.58001, 0.421412
-0.347002, 1.4925, -0.307983
-0.187804, 0.432876, 1.90138
-0.349803, 0.803728, -0.161486
0.587661, -0.661866, 0.908005
0.0163265, 2.81348, -0.759156
0.599026, 0.679372, 0.180673
-0.767378, -0.486823, -0.588557
-1.41201, -0.99117, 1.45662
-0.63294, 0.362937, -0.0810943
-1.38862, -0.0473026, 0.408138
-1.59498, -1.65995, 0.657057
0.221491, -1.00139, -0.434277
0.339555, 1.01411, -1.07585
-1.14006, -0.782942, 0.0985964
-1.2723, -0.650542, -0.120963
1.50396, 0.985449, -0.94833
-0.326474, -0.622566, 0.478533
-0.12804, -0.114989, 0.907044
1.52331, -1.53821, 0.937615
-0.463008, 1.5754, -1.68966
0.127026, 0.0675574, -0.151502
2.99591, 0.410247, -1.08126
-0.29184, 0.29103, 0.478852
0.927814, -1.54896, -1.35105
1.08651, -0.6245, -1.75517
-0.713444, -0.0840142, -0.575218
1.91073, 3.63429, 0.405078
0.409357, 0.269887, 0.276815
-0.735775, -1.87903, -0.219572
-0.0738592, 0.23636, 0.437108
0.898814, -0.463675, -0.340386
-0.752576, 0.0473862, 0.350159
0.643075, 0.0975391, -1.20839
-3.79195, -2.5396, 0.358253
-0.0725872, -1.55979, -0.936743
0.172203, 0.283865, -0.387621
-0.00116612, -0.530263, 0.369081
2.19362, -0.411919, 0.301983
-1.79757, 0.707267, 2.50996
-0.772874, -0.889313, 1.31658
-0.816205, 3.20702, -1.6611
0.589279, -2.63072, 0.0690737
-0.0478905, 0.163555, 0.330783
