-2.18632, -2.82138, 9.79858
7.297, 2.47078, 1.73669
1.10813, 3.56992, 5.09933
-0.642478, -1.37639, 2.3865
3.71898, -6.18787, 4.75277
0.267303, -0.244398, 1.64048
-0.898363, 1.36431, 1.98487
1.18223, 0.273025, -4.62517
1.81698, 2.19369, -6.29313
1.56143, -0.285735, 8.2087
1.02806, 0.304376, 1.1583
-3.37908, -7.10583, 3.85049
2.63582, -0.113229, -3.59083
-0.319177, 0.740687, 2.68961
-2.60206, 2.00155, 9.30816
0.543763, 2.4311, -4.35397
-2.87111, -1.11491, -3.76411
-0.614283, -1.88746, -3.75474
-2.50683, 4.63572, 4.16165
1.95775, -2.04308, 3.72401
0.959696, 2.05731, 2.32955
1.89926, -0.544882, -1.9371
-0.993875, 1.93631, -4.01546
-3.57552, -0.357747, 3.79146
-2.5504, 0.576278, 3.65167
-0.542228, 1.25198, -1.61741
-4.48106, -2.1117, 4.93445
-1.5807, -1.52256, -4.86385
8.18199, 3.86828, -5.89376
-1.79303, 1.65395, -3.34303
-1.70862, -2.98017, 7.99089
0.899736, 6.98036, 3.80971
-3.71189, -0.757499, 2.63103
-3.39756, 0.867854, 6.92942
-4.64661, -2.02447, -2.07392
0.991617, 1.37699, -1.58021
-1.46233, -1.12276, -1.43865
0.78391, -0.602895, 3.75318
-1.84019, -1.73708, -1.63386
1.51732, -0.372062, -4.47342
-0.973872, -0.571993, -1.18817
-0.501659, 1.64461, -4.26294
-1.10126, -1.34311, 7.24633
-3.9185, 2.58247, 2.39736
2.29628, 6.19162, 3.69784
-1.39101, 1.73472, 3.28332
3.63269, -5.62525, -7.6085
-2.15236, -1.01254, 10.4246
1.2078, 0.13946, -2.55546
-0.330788, -3.23061, -1.94084
0.0486824, 3.19258, -3.99925
-2.41591, 0.352894, 3.9103
-1.34838, -1.89027, -3.70864
-0.0864063, 0.0990369, -0.855065
-1.79086, 2.4493, 2.46885
-1.03788, -3.98064, 2.74948
1.81447, 0.0977869, 1.38386
-3.55659, -4.51531, -6.34082
-2.99021, 1.8264, -5.72301
-2.05688, 0.49694, -3.69279
3.05933, -2.04116, 4.80436
-0.260459, 0.349719, 2.17465
1.9462, 2.44191, 3.09797
-3.98642, -0.743927, -5.1854
1.00085, -1.50474, 5.94376
0.210164, -2.57068, -3.91095
-2.14037, 2.00731, -5.72516
0.507893, -1.13191, 3.2075
-1.56322, -1.43186, 3.9093
-2.99179, 0.220112, -1.99387
-0.496702, -1.62396, -4.66449
1.17337, -0.668917, 2.66986
0.483716, -1.07311, 2.41884
0.716732, -2.61497, 1.75229
-2.39057, 0.952929, -5.12412
-6.32149, 0.378876, 1.44367
-0.143028, 0.13656, 1.90322
-1.763, -0.641887, 2.84661
-0.0535257, 1.07186, -1.02909
2.11194, -1.09763, 3.7309
-1.46612, -5.31739, 3.13473
-2.02942, 1.22981, 1.55327
2.11316, -1.05605, 2.53784
3.851, 5.01294, 6.29636
-2.08745, 0.974927, 6.4802
-1.31366, 1.68629, 7.79796
4.282, -1.94173, -4.15334
-2.62978, 3.8434, -4.1956
0.305055, 1.68868, -6.17136
1.37251, 0.605368, -2.19885
3.3412, 0.415782, 5.51745
-0.905222, 3.02245, 2.88862
-0.73308, -1.11205, -4.98775
-1.33022, 2.17072, -3.63728
-1.31557, 5.99621, 4.01689
2.21828, 3.2269, -3.10064
0.586825, 6.04904, 5.27193
2.3635, 4.11453, 3.5872
2.99517, -2.24401, 2.58595
0.532422, 0.791776, 3.34313
-1.04749, 0.71158, -1.47219
-3.61763, 1.24248, -3.02763
-1.80682, 0.193336, 2.99381
0.814866, -2.9998, -2.8727
-4.01359, -4.18488, -5.07049
0.800907, 2.42732, -2.69368
2.74665, -0.656835, 3.25615
-1.2781, -1.85378, 1.41209
1.86903, -0.0665302, -3.11239
2.47392, 2.03036, 4.62077
0.553091, 1.00741, 2.39366
-0.367075, -0.843036, -1.97655
2.2349, 5.84526, -3.75174
1.25457, 1.47155, -4.49079
-4.47988, 4.1926, 6.43602
-1.29052, 2.40432, -4.19119
5.31837, 0.724643, -2.541
-2.92572, 0.919762, 1.25085
1.63914, -0.300891, -4.67892
4.52929, -2.47587, 2.4176
-0.29199, -2.19449, -1.81899
-3.28014, 0.715084, 1.79856
0.535576, 3.91517, -5.78996
-1.1594, 4.806, 5.03711
-0.0550846, 0.875831, 1.36977
-2.19906, 0.243846, 7.19134
0.39045, -0.439707, 3.52396
0.843312, -1.51754, -7.12558
-4.71634, -2.55625, -1.89978
1.7957, -3.74886, 2.9229
0.839162, 1.12325, -2.16643
2.04512, -1.72267, -1.09116
-4.01468, -4.05357, 4.72965
-0.718251, -2.35151, -3.37125
1.5108, 1.14379, -5.80335
-1.85948, -0.28868, 6.25857
-1.78794, -1.25062, -1.04118
2.02931, -0.261515, -4.4601
3.63819, -3.95356, -9.73756
0.975058, 0.139311, 4.05421
1.99336, -0.226858, -3.24685
-0.785129, -1.41315, -1.84202
1.38926, -3.66423, 4.97488
1.29047, -0.845718, 2.17992
-0.877671, 0.826574, 1.21812
2.25473, -0.233147, 3.58341
-2.20274, 1.44277, -7.24778
3.25871, 0.509751, -4.72192
0.539806, -0.266677, 3.78591
-1.36277, -1.19291, 1.66901
0.168993, 0.0132705, -4.38359
1.35101, 0.632814, -3.70242
1.73261, 2.33954, -4.73782
-3.31496, -3.73472, 3.3087
2.41881, -2.92557, -1.97233
2.41979, -2.46797, -6.89436
-1.24239, 1.16211, 4.57354
7.16339, 0.761922, -2.08739
-0.13109, -2.13816, -4.41018
-1.39267, 2.22597, -1.48406
-0.174433, 2.61052, 3.30571
1.16598, -2.65112, 7.0622
-0.244406, 1.93898, 3.16608
1.16509, -0.628225, 4.56973
-0.73695, -0.789724, 2.3099
6.19154, -1.29542, 4.60627
-2.68236, 0.246993, 2.91
-0.555611, -1.32411, -2.68975
0.787671, -0.233278, -2.95052
-5.99174, -4.8247, 3.74661
0.429634, 0.878304, 3.59188
2.72201, 0.350561, 6.51676
-1.8512, -1.93466, -1.61665
-1.08471, 0.568053, -2.34768
2.7096, -2.53308, -4.85609
-1.12339, 1.15504, -4.42536
1.58673, -3.08733, -7.50536
3.2381, -1.69634, 5.66676
0.224753, -0.257034, -2.76689
0.228677, -2.26182, 4.60475
2.3235, -0.0785744, 0.548192
1.07614, -0.191279, 1.61655
-2.71077, 0.618403, -6.9951
1.92951, 2.61518, -1.79797
-1.76901, -1.7506, 1.10999
-3.14122, 0.348629, 3.03412
-2.5045, 2.93517, 2.05643
0.692992, -0.355043, -4.63711
1.38804, 0.880445, -2.92872
1.22525, -1.35439, -2.30469
-0.72218, 1.19616, -3.82234
-4.12086, 5.50855, -5.92948
0.148739, 1.94069, -2.32923
-0.409542, 0.701608, 3.04286
-4.96079, -2.63051, -3.26441
5.72398, 0.686404, 2.9332
0.200507, -0.661549, 2.75494
1.08199, -1.41733, -0.890048
-4.55667, -1.79502, 1.87727
2.62913, 0.0522542, -3.09839
0.389892, 0.36525, -3.4569
-1.93643, 1.99363, -2.37553
2.10359, 1.37209, -2.53448
0.949109, -2.60011, -3.61564
1.60168, 0.524539, -6.75032
0.231624, -6.16556, -5.22019
-1.19601, -0.29516, -1.42017
2.64024, 0.897847, 5.45019
2.68644, -0.287237, 5.39016
3.28211, 2.69871, -4.55398
-0.685337, 3.15436, -2.74778
0.113215, -0.722774, 3.93117
-7.92082, 2.03247, -5.82139
-5.49008, -0.864059, 6.00175
1.60328, -0.848617, 4.30794
-0.736718, 0.0255913, -1.50553
0.380162, 1.04412, -2.81466
-1.84255, 3.54552, -3.13644
-1.98381, 0.751103, 3.30018
-0.534277, -1.49406, 3.65661
-2.13334, 3.27364, -1.51074
-3.09524, 0.0888734, 2.75813
-2.21176, 0.910094, -5.41938
-1.31968, 2.87923, 7.12159
-2.99216, -0.638787, -2.10341
1.74087, 0.502391, -1.76552
-3.59115, -4.1649, 5.43154
-0.711853, 2.42048, -5.59138
-1.94926, -3.32322, -4.75526
2.20331, -2.5615, -1.91634
2.6548, -1.32533, -5.26558
-0.6445, 1.93134, -3.16905
-1.72166, 3.24652, -5.52059
0.882265, -0.366797, 4.99862
0.694233, -2.65719, -1.85064
2.22044, -0.306124, 3.76331
-0.623204, 0.313234, 5.13264
-0.892865, 3.40097, 3.78832
-2.16706, -0.0477704, 3.42713
0.279582, -3.6468, 4.88511
-0.00999475, 2.18913, 5.70422
-5.83877, -3.27817, 4.60562
-0.42241, 4.64679, 1.87643
-0.183056, -2.41901, -2.24507
0.380214, -1.11225, 0.686746
-1.74473, 0.730945, -2.93491
2.26461, -3.68176, 6.21328
0.139068, -3.00758, -4.17607
0.388193, -0.78657, -4.69673
3.27395, 2.33373, 2.98951
-1.57842, 1.27693, 1.61791
0.142676, 1.34267, 4.51812
-2.44638, -1.36042, 1.26042
0.909093, -0.0108593, 3.85333
5.87227, 1.37601, 11.3554
-3.01855, 0.0374076, 3.01184
4.25603, 0.164017, -2.9655
1.7981, -0.973907, -5.16224
-1.49757, -0.295536, -1.93662
1.1324, 3.68173, -5.7054
-3.02359, 1.92782, -2.93615
-7.19649, -1.20549, 2.27157
-3.05942, 6.49034, 1.8432
-2.65654, -3.25751, 3.69579
-1.77367, -4.29756, 2.16772
-2.25306, -2.14786, -4.26453
-3.09451, 0.568486, 2.95707
-1.66468, 2.59965, 4.51078
-1.84193, 0.921499, -1.62704
0.580751, 0.0416902, 1.36698
-3.27752, -0.482197, 5.8043
2.78828, -0.468274, 3.3497
-0.432034, 2.23141, -2.6775
-2.72406, -2.77478, 0.968309
0.916148, -0.101494, 4.85085
-0.41543, -1.21248, -3.57522
-4.85182, -1.71193, -9.02693
-2.23005, 1.35852, 5.82868
-0.400104, -0.07633, -6.36992
-1.26859, -0.641073, 1.93678
0.0357391, 2.13437, -2.56393
0.778815, 0.356359, 3.84718
0.0661281, 1.75183, 3.8596
1.00833, -6.26584, 8.54528
-0.135268, -0.63648, 3.35791
0.531332, 3.6472, 6.18357
-3.30204, -4.83761, -2.65755
0.921017, 5.33536, 0.713154
-0.968522, 4.7129, 3.56775
-3.80583, 1.96206, 5.5506
-1.90242, -4.40664, 5.6718
0.310474, -0.0178693, 0.408157
0.251905, 0.273239, 7.21524
-3.16701, -1.03147, 2.73868
-3.13802, 1.49621, -2.33272
2.87122, -0.405588, 2.84231
1.15721, -3.00518, 1.60287
-0.596391, -3.91771, -2.61398
-2.24131, -2.06101, 2.84789
0.18051, 2.37093, 4.47337
-0.548099, 2.68037, -4.50829
-2.22464, -1.04783, -1.7232
0.27815, -0.15095, 0.919584
1.40186, 1.87136, 3.55596
1.1246, 2.10243, -5.28169
-3.86446, 2.42234, 2.00083
-4.1031, -0.499741, 6.30327
0.0867636, 1.01225, -3.11944
1.94283, -3.74034, 0.943956
3.3853, -0.851967, -1.62262
3.55451, -5.74648, -6.21512
-1.8509, 1.23029, 3.30225
-0.192098, 0.173458, -5.96283
-3.02613, 1.12469, 3.67231
-1.5851, -2.53114, -6.91404
-1.03622, 0.504132, -1.17181
5.99467, 2.79766, -2.97216
0.349091, 3.85435, 0.871088
0.501446, 3.96627, -5.41603
2.9954, -0.167113, -3.70137
-0.349825, -1.7611, 2.02803
0.594946, -1.22367, 2.16563
3.91345, 1.14053, 2.23776
7.02067, -0.0290471, 4.63163
-3.94654, -1.75738, -1.87886
3.47647, -2.48245, -5.67366
2.16358, 3.52212, -4.08391
0.810057, -2.38428, -8.03173
1.51911, 0.147619, -1.65223
-4.47436, 4.49558, 3.78879
-2.5539, 3.14722, -3.04036
1.13566, -0.90351, 1.56529
-0.246057, -0.477417, -2.71746
-1.47735, 0.214914, -5.34241
-0.812432, 2.78555, -3.79318
-2.23488, -3.04761, -3.24092
-3.16587, -6.53947, 3.44933
0.4111, 1.76073, 2.27584
2.4842, -1.40087, 2.69332
-3.61563, -1.39337, 3.81227
-0.406511, -3.66957, 2.80355
-0.0364745, 0.0979233, 1.9659
-0.804705, -0.549769, -1.17493
-2.72583, -0.297868, 3.13128
5.97189, -2.86295, -8.0852
-0.0892781, -1.28496, -4.35273
1.63284, 0.832262, 4.49075
0.417189, 1.39337, -2.78342
-0.96242, 0.816283, 3.31512
-0.231037, -4.55223, -4.40686
0.174815, -2.53657, -4.3285
1.82452, 3.23515, 4.67713
-1.23589, -0.542235, 3.70264
0.309743, 2.53386, 2.51509
-1.23905, 0.867688, -5.49529
-6.56722, -4.56004, -7.96981
1.61127, 0.745485, -3.35126
0.387799, -1.38513, 4.87364
-2.80359, -0.893251, -3.46535
-2.3933, 0.00356619, -3.61725
0.543348, 1.01959, 2.622
6.57185, 1.3367, -4.57566
-1.88456, 4.26598, 6.15262
0.358211, -1.19092, -2.49314
1.84293, -1.21515, -3.7226
2.21625, 1.37058, -1.99117
5.71348, -4.262, 4.60881
-5.22174, -1.1409, -10.3009
1.28606, -0.34999, -2.91248
2.38143, -2.39501, 5.53658
-0.43127, 0.404746, -1.90213
-1.6297, -0.498607, -6.11022
4.16162, -2.68871, 5.21792
0.345822, 0.244594, -6.15394
-1.47113, 1.9324, -4.85803
0.292743, -0.261683, -2.40432
2.11375, -2.17235, 4.46333
-2.54828, 3.47111, -2.97109
0.773424, 2.57217, -5.3539
0.948229, -0.81915, 1.68309
-2.18036, 4.34992, 7.38808
2.97941, -3.74205, 2.35769
1.71552, 0.413725, 5.6531
1.73736, 2.67614, 3.91704
-0.013827, -6.56273, -1.00763
-1.80155, 0.612193, -1.58017
-0.0589189, 4.05075, -1.40585
-0.730188, 1.72154, -0.753274
4.7158, 2.26379, -2.23613
2.69467, -1.38056, -7.69842
-3.56718, 4.50547, 3.03475
0.99182, 0.937624, 2.28827
2.22841, -1.13608, -2.90436
2.57962, -1.0086, -2.20385
4.33389, 1.60877, -4.06216
-1.14249, -0.69616, 0.921941
7.00109, -1.55749, -5.09993
0.978604, -1.94803, 1.86756
3.46865, -1.41527, -6.20316
-4.42845, -2.08098, -5.46019
0.0180746, -2.88363, 6.98199
1.90487, -1.96, 5.95453
-1.28953, 1.00339, -6.58896
-8.00782, 1.68464, 4.25675
2.11163, 0.426597, -3.36076
-0.0372597, 1.95653, 2.09336
-0.102654, 1.34978, -1.58994
1.65975, 0.700165, -2.4796
-4.72835, 1.24268, -3.74722
2.10781, -2.05335, 8.15199
-2.47884, 1.34629, -3.945
-0.150954, -0.539753, 3.52568
0.558579, 0.0767999, -4.61214
-0.444365, 1.05489, 3.16642
1.62978, -4.24535, 3.57132
1.88642, -0.123676, 3.82924
2.85905, 0.586724, 5.64326
0.527123, 0.562809, -2.07354
-3.54914, -6.66405, -2.68702
-0.756074, -2.37388, 0.534306
0.0305253, -2.52614, 3.51199
0.169206, 0.533529, 2.35728
-2.6541, -4.74496, -3.44138
-0.0502441, 1.59368, -3.76682
3.04215, 4.12045, 0.907156
-2.40053, -1.7158, -4.00768
-4.60627, -0.467635, -2.11748
0.761956, 0.562538, -1.93908
-0.226802, -0.839648, 1.8645
-1.75563, -1.56531, -4.94085
2.43332, -1.48821, 5.37126
3.67375, 0.455061, 2.54251
1.62068, 6.64307, 1.71382
-3.41812, 1.48517, 3.79518
0.216463, -1.2535, 2.27475
0.672203, 2.847, 3.50853
0.9653, -1.32073, 3.35517
-2.38257, 0.494538, 2.12154
-2.85554, 1.20521, 3.48889
-4.05508, -0.619632, 1.80049
2.01532, 0.00570359, 6.5669
-2.02616, 0.747198, -3.00182
-3.36004, -0.130097, 2.15688
-0.539411, -2.8581, -4.38679
-0.170573, 3.0691, 4.04802
-0.171761, -2.54482, 3.32161
-1.12777, 0.261309, -2.82899
4.96477, 1.26982, 5.17791
-1.22925, -3.90974, 1.84534
1.91409, 0.85296, -2.76737
2.19992, -3.42616, -2.71521
2.20674, 0.265844, -5.67554
-0.692375, -0.145691, -2.8279
3.28144, -0.18459, -2.77639
0.920628, -3.69587, 3.98444
-0.856586, 0.111329, -3.27032
1.17663, -0.904968, -1.40117
2.0198, -1.93672, 3.72556
-1.35376, 0.234331, -1.05632
2.55966, -0.494283, 2.04182
0.905315, 2.38372, -2.94907
-1.94956, 3.77576, -3.72114
1.13826, -1.17719, 3.27965
-1.06967, 1.18982, 4.97908
-0.68393, -1.2933, -6.23642
-0.526704, 3.38765, -3.04452
0.0685864, -0.951005, 2.75948
-2.12004, -0.930424, -2.82963
3.10282, 0.783316, 2.89624
0.187658, -0.493479, -2.03076
1.70319, -0.213775, -2.68965
2.78019, -2.01547, -1.33073
1.20438, 3.76953, 3.07086
2.38679, -0.693633, -3.21477
0.0600815, -1.35198, 1.00366
-0.42921, -0.0289979, -4.10321
0.623348, -0.50125, 1.80103
1.69112, 1.01816, 4.16661
1.75038, -8.27139, 4.39266
-0.704173, 3.57102, 2.93087
2.75618, -1.72831, 3.24119
-1.43495, 0.949242, -0.573553
-0.906823, -0.336654, 2.16479
3.50867, 2.85174, 4.22487
0.119126, -0.0522579, 1.33514
-1.69179, -0.339703, -2.04144
1.72294, -4.62701, 9.69546
0.824043, 1.11616, 4.13634
-1.31459, 2.24625, -3.53899
0.421044, -2.7678, -1.10598
-0.143826, 2.28447, 2.90026
-0.0575671, 0.757696, -1.81712
-1.36442, 1.28144, 2.95324
0.58241, -1.20803, -1.91423
0.317551, 1.79964, -1.89111
0.854208, -0.731456, 4.02299
-0.135715, 0.0808938, -6.7328
-3.81607, 1.6793, 3.29919
-2.78515, 0.19303, 1.95716
-1.63604, 1.21674, 4.46471
-1.78735, -2.89794, 3.48076
3.35102, -2.30508, 4.49065
-7.29753, -3.98809, -4.66919
0.49194, -3.49239, -3.65238
1.30647, 2.74219, -1.66819
-1.52239, -0.505388, 2.93387
4.40388, -0.549815, 3.78606
-0.358972, -2.17524, 2.21884
-1.9242, -1.05354, 7.16368
-0.831316, -2.60908, -2.17155
3.75588, -1.37704, 3.67259
-1.58605, -0.95195, 6.20512
0.911129, 0.474916, -4.7656
1.66509, 1.03104, 2.51655
0.364412, 0.318125, 3.55752
0.20195, -0.502609, -3.13404
7.82271, -0.74467, -4.25801
2.04085, 1.29233, 3.54116
-1.60633, 0.104102, -0.811461
-2.2624, -1.38941, -6.02634
-1.99996, 1.98838, -2.78431
4.28008, 2.68128, -4.18015
0.271713, -0.496803, 2.99207
-1.21817, 0.434859, -2.6573
-1.09342, -2.87654, -3.05544
-0.684306, 0.752646, -2.67078
1.2486, 2.14393, -4.60253
1.32786, 1.5155, -3.9758
-1.45559, 1.57411, -5.10316
-1.80551, 1.28011, -3.82575
-3.75683, -2.25438, -1.38444
-0.589802, 3.18589, 3.35336
-3.18162, 2.42375, 5.36054
-1.84209, 3.67815, 4.21773
0.939253, 0.652037, -3.46662
0.298765, 1.75815, -2.32992
-1.63595, -4.69024, -0.599234
2.79763, 7.08831, -6.99478
-0.71634, -1.97912, -5.83099
-1.12116, -0.187596, 3.60024
2.37644, -1.85958, 3.72269
6.1359, 2.25213, -6.83336
0.87735, -2.74998, -3.42357
2.25783, -2.35907, 3.12246
0.8462, 0.104423, -3.10109
-2.81633, 1.6011, -5.70677
1.91534, -0.529725, 4.42751
0.439156, -0.514266, 1.87877
-2.35227, 0.741461, 4.21527
1.00963, 1.69457, 6.32044
-0.861894, -1.35695, -1.30291
-3.80118, 1.24862, -1.97673
4.37994, -1.56382, 2.71581
-0.421518, 9.00406, -8.06412
-0.708122, -0.747148, 3.86148
1.02075, 2.37006, 1.22647
1.6662, -2.63799, -3.36811
0.622592, 3.21421, -3.80074
0.511223, 1.4713, -1.64212
0.361969, 1.29407, 3.35342
-2.32735, -1.71505, 3.30211
2.89846, -2.76143, 2.4942
5.70134, -1.1851, 4.43992
1.44293, 3.05689, -1.87072
1.08666, -2.09294, 2.47728
-0.671762, 0.346816, -2.48585
-2.56248, -0.126497, -3.60641
0.847674, 2.10379, -2.20385
-3.71149, 1.14307, 2.98987
0.511011, 1.3736, 1.53022
3.41278, -0.516563, -4.90977
5.64868, -1.81166, 3.62083
-1.75992, -1.95505, 5.59286
2.4674, -1.75535, -3.96458
0.13952, -1.86751, -5.33393
2.14613, 3.34337, 3.1476
-0.112592, -0.948476, 1.93433
3.69691, 2.5039, 8.31785
-2.12651, -3.48354, 2.69952
-8.3343, -3.84203, -5.01267
-0.648908, -0.497402, -3.03564
-2.56289, -1.88784, 2.9285
-2.09474, 2.38384, -5.70922
-2.83479, -4.0511, -2.60035
-2.49636, -2.11322, 5.91004
0.872057, 0.693206, -1.07121
0.00363881, 0.959075, -3.57755
0.508125, -1.60521, 2.17442
-3.98231, 4.87075, -4.96973
0.111995, 0.229218, -1.05118
-0.823349, 1.15172, -5.94229
1.08654, -1.00881, -4.43178
-2.27965, 1.20693, -3.3277
1.38056, -0.105374, 0.808264
-3.19589, -1.01189, -2.6804
0.537133, -0.272018, 4.93581
1.30718, 1.22754, 2.93063
-1.75869, -1.1902, -1.05625
-0.82483, 3.22041, -3.81781
0.155681, 1.68843, -1.53758
0.236884, -1.22656, -2.36945
2.05756, 0.729067, 7.24784
0.48635, -1.1493, 4.68337
-3.01662, -0.629354, 4.79914
0.650526, 1.97199, -6.3123
-0.341845, -0.318697, 1.63341
0.106925, 3.13264, -3.36658
-4.56594, -0.516098, -1.79075
-0.96641, 0.223667, -0.895705
0.50091, -0.953991, 8.42081
6.50078, 0.567838, 7.38988
0.428724, -1.41156, 1.10937
1.00494, -0.204965, -0.992793
1.43532, -0.65627, -3.21245
0.810002, 0.866927, 6.71041
0.196895, -1.90094, -4.9532
-0.394491, -1.9185, -1.37249
0.393447, 2.07625, -2.75965
2.30346, -0.0590004, 4.4726
1.17365, -0.646116, 9.49428
-1.03002, -0.955653, 6.03319
-0.435987, 0.570682, 1.85291
5.02818, 4.0925, -4.65562
-0.508344, -2.24896, -2.26699
1.40225, -4.31645, 2.67463
2.25415, -1.7105, 1.58255
1.00504, 2.08907, 1.7974
1.97555, -1.71675, -3.41317
-0.644086, -1.61314, 2.33673
-0.524165, 3.15316, -2.00722
0.78409, 2.88133, 4.26006
-1.48753, 0.585162, 4.72153
0.579577, -0.353433, -7.60864
0.15704, -0.497417, 0.23996
-0.350549, -1.73669, -3.30943
0.681115, -6.28424, -1.34993
0.279886, -0.361795, -1.62837
-1.40576, -0.657805, 3.4023
-2.25591, 1.56217, -3.3499
-0.728637, -1.48804, -2.60328
-2.44933, 1.71986, -2.61577
-1.16033, 1.62279, -2.62224
3.04576, -2.04406, -4.24234
0.280716, -2.83753, 1.69736
2.67887, -0.111467, -2.0155
-1.09345, -2.06944, 5.19649
0.794664, 1.51231, -2.74028
-1.04037, -1.71609, 4.15454
0.851647, -0.467336, -4.50208
4.27339, -0.147823, 6.11625
1.6561, 2.10993, 1.86851
0.0628356, -1.30537, -1.47014
0.311744, -4.86818, 7.37768
-0.850319, -0.551722, 5.48156
1.56612, -2.32424, 2.6802
1.46406, -0.117057, -1.73141
1.10745, -0.963741, -2.26248
-2.14936, -4.09145, 8.41288
1.38898, -0.644788, -1.79162
2.34515, -1.65145, 2.81223
-5.14861, -0.466734, -8.59202
0.279559, 0.400539, -2.44013
1.92742, 3.26218, -6.81384
-0.863039, -1.67289, -2.39804
0.554778, -0.00876765, 1.65916
-0.416489, -2.91602, -1.44292
-2.81927, 4.37026, 6.58828
-2.74248, -0.938928, 0.671215
1.04923, -0.171453, -1.53513
-1.9091, -3.66588, 2.40569
-0.628921, -0.731384, -2.23791
-3.0403, 1.65996, -2.1145
-0.252448, -2.05802, 2.40257
1.07885, -1.07422, -5.15395
-5.24647, 5.82623, 4.72608
-1.71751, 0.683022, -4.71484
-3.83455, 0.992249, -1.61588
-4.17384, 3.17729, 6.69813
0.361545, -2.37831, -5.93389
1.62641, 0.699941, 2.21841
0.646054, -0.471349, -1.32697
-1.20605, 5.79976, 5.5433
-1.14297, -0.0314368, -4.26115
-1.96462, 1.73654, -2.00818
3.50802, 1.70434, -4.83796
-7.55355, -2.8395, 3.15305
2.4612, 2.17492, -3.7083
-0.130227, 1.27803, 3.94252
0.682196, -1.06891, -3.14357
4.87767, 3.3032, -6.62861
-0.321671, -8.88814, 1.82363
-0.358341, -1.84575, -5.45239
-4.51949, -4.46361, 4.64874
-0.737374, -1.52094, 5.78954
0.0455474, 1.65414, -2.79035
0.653242, -0.50304, -0.563486
-0.424397, -2.27112, 2.61313
3.21305, -1.10692, 2.31222
-0.781617, -0.141944, 3.12286
-0.989436, 3.60328, 2.99719
0.334074, 2.01002, 1.82739
0.0900422, -0.419809, 2.90415
1.6023, 2.90347, -3.03507
-1.95213, 0.137323, 4.85042
1.08331, 4.48517, 6.87699
-0.750546, -2.79127, 5.01207
-1.90873, -3.84135, 5.36907
-4.44333, 0.360961, -5.5952
-0.981946, 1.35684, -3.17775
-0.243611, -2.28978, 4.15313
1.27137, 0.053917, -1.48755
0.25445, 1.97735, -1.6258
3.47982, -2.47667, -1.1019
3.20072, -0.348092, -4.13501
2.52543, -1.80495, 1.78156
0.038194, -0.124749, 1.91483
-0.534529, 1.06516, 2.65766
-1.50014, -0.899682, -2.86634
1.68682, -2.83812, -3.80475
0.552465, -0.830318, 2.92513
0.761245, 0.369319, -4.0957
-2.09742, 0.778053, -3.04383
-2.90782, -3.03326, 2.37017
-1.34852, -2.54564, -3.23379
2.12015, 0.87111, 0.986314
-2.62602, -1.85779, 3.83198
2.04411, -0.428792, 10.8148
-0.363728, 0.563423, -3.57198
3.0271, 0.848074, 4.24712
-2.78905, 2.3451, 2.54474
-5.11618, 7.85055, 4.31742
7.31748, -1.86599, 5.87502
-0.798836, -1.43357, 2.18312
0.142729, -0.636099, -6.8362
-4.17954, -1.11777, 4.49668
-0.58796, -1.08589, 1.25148
2.1288, -1.37407, -3.32148
0.667142, -1.26046, 3.99589
0.27059, 3.78255, -4.67989
5.25646, 0.960541, 4.52128
1.64713, 0.127677, -2.71591
1.21437, 1.19057, 3.56446
4.43915, -2.06926, 6.85998
0.460631, -0.979205, 3.56701
0.622794, 0.26405, -3.7725
1.77229, 1.74801, -3.3991
4.52884, -1.74531, -3.99455
-2.92659, -0.755189, -3.69829
-0.350087, 1.3045, 2.21313
-0.154944, -0.44402, 1.95821
-0.33215, -0.2874, -4.76895
-0.0663232, -2.36843, -1.01844
-0.762096, 5.44942, 2.027
-0.132579, 3.12125, -3.14415
-0.894019, -2.60536, -2.01177
3.41916, 2.62627, -5.7509
-0.270833, 6.08231, 6.19812
1.21617, -0.466197, 1.13507
-0.574842, -0.415788, -3.90224
-0.016402, -0.477262, -3.56402
0.385251, -0.149639, 2.36045
2.64435, -0.233902, -5.73008
2.12048, 0.463442, 3.06171
-0.449641, 1.7174, 1.7637
0.368833, -1.27775, 1.33843
2.15267, 4.36945, 7.42222
-1.2883, 1.37501, -3.25079
-0.702093, 1.08474, -2.26915
0.323218, 0.427174, 1.31507
1.1025, 3.572, -1.65249
-0.852595, -2.13229, 4.67176
-5.15434, 2.15824, 3.62875
-5.45351, 0.492373, -2.94799
0.152881, 1.11216, -3.62741
-1.40355, 0.223061, 4.87938
-0.650078, 1.36033, 2.64519
-1.15215, -1.88966, -5.68019
-1.20853, -4.4083, -7.27276
-1.86952, 1.05663, -5.60444
2.28246, -3.14314, 2.17711
0.535187, -6.12745, -9.00926
-1.38135, 1.58443, -2.38323
1.79447, 2.54712, 4.09032
-2.2478, 1.29027, -7.60481
3.55139, -2.50633, -4.05625
-0.696012, 2.0515, -2.17266
1.03244, 0.0422159, 3.8172
-0.588277, 0.900866, 3.97164
-1.5485, -2.25363, -1.12303
-0.710995, -0.520041, 0.671377
3.99998, 1.83056, 3.04951
-0.064432, 0.660079, -4.09565
-2.87698, 1.31375, -2.25662
1.24213, -6.56709, -2.73124
1.05555, 0.665676, -0.561857
1.42898, -3.48955, 4.73707
1.24024, -1.08435, 2.13922
-0.459765, -1.60701, 4.5634
-2.16701, -3.07018, -3.18101
-1.94439, -4.07215, -5.02483
3.61915, -2.06367, -5.41931
-5.23429, -5.02179, 6.27076
4.16339, 0.324354, -6.22123
-0.534853, -1.20902, 3.78101
1.23053, 0.262249, 3.1127
-1.15216, -4.4891, 3.5387
-0.0872632, -0.913422, 1.84504
-0.937595, -2.58291, 1.75602
0.573517, 0.768219, -2.81447
-0.0911949, -0.522686, -3.63716
1.32946, 3.02168, -6.95618
5.92744, 3.6662, -8.36368
-2.71536, -3.20526, -5.61738
1.56311, -2.06928, 6.39056
0.145719, -0.106865, 2.30242
-0.154803, 3.30764, 4.52333
2.05372, -1.799, 2.28832
-0.139542, -1.04043, -1.18697
2.38459, 5.63871, 3.58132
-2.82844, -0.339886, -4.64553
-3.50519, -0.705943, 1.61024
-3.86788, 1.79589, -1.87075
5.87427, -1.38258, -2.19784
1.71642, -2.51637, 5.08784
0.585487, -0.56598, 1.50076
-2.76838, 0.102327, -6.3293
1.95841, -0.206357, -3.61582
-1.17567, -0.194524, -2.07124
-0.563615, 1.78554, -1.98964
-2.49752, 1.05795, 13.5227
2.86441, -0.175403, 1.38748
-4.94643, -4.61179, -5.31974
0.741521, 1.66876, -4.28371
-1.44121, -1.27375, -5.45403
-1.87813, 0.172349, 1.95854
-4.78617, 4.36503, 1.51879
-3.03089, -3.42766, 4.37665
-0.0300602, -1.56307, 5.04361
0.152791, 0.491266, -9.75263
1.40293, -1.2857, 3.40497
-1.0667, 5.00627, 2.60172
-0.580501, 1.16953, 1.86768
0.181092, -0.458874, -1.28457
-1.39086, -1.69485, 2.70714
-3.07556, 0.105186, 2.92256
1.12657, -0.388873, 2.30872
-0.834592, -1.32303, -1.98009
-0.786423, 2.21551, -1.99563
3.00142, -1.78503, 6.07552
-2.32241, 0.849894, 7.07395
-0.979505, 0.969257, -2.81534
2.24953, 3.17702, -1.72655
0.844339, -1.08905, -6.03603
2.92262, -1.24654, 5.12523
-0.591201, -4.02127, -3.41648
1.37824, -0.19236, 1.18533
0.765704, 4.6302, -2.07614
1.38076, 2.94267, 3.41891
-3.02264, -4.96632, 1.9039
3.62193, 2.95831, -2.85326
4.21738, 2.40351, -3.54315
-0.622495, -1.10156, -1.77251
-0.916791, -2.62545, -1.70974
-2.26606, 1.37953, 2.99167
0.595637, -2.11903, -2.24932
-1.38592, 3.55549, 4.81427
0.267992, -1.99039, -2.95488
-3.20224, 3.81373, 4.86933
-4.02913, 2.126, -9.22752
1.0851, -0.515826, -1.86987
6.07171, -6.24837, 4.87442
2.37808, 0.156369, -1.92749
-3.64503, -2.64676, -4.50199
1.59189, 0.969681, -5.23019
4.59875, -5.61174, 5.97251
0.464596, 1.59211, -3.10632
3.17766, -0.911847, 7.71763
0.24443, 4.09699, 2.93946
-2.08238, -6.75147, 3.87745
1.63242, -1.95371, 6.52906
0.661066, -0.92785, 1.29175
-1.2649, 0.138729, -5.38517
1.59735, -2.83883, 2.68895
0.555229, 2.70482, -7.42177
-1.20922, 2.90318, 1.98001
-3.69535, -0.0949342, 4.12095
0.484821, -0.847737, -4.22584
-0.643231, 1.21635, -1.69707
-0.599839, 1.53941, -7.61993
2.18654, 1.34537, 6.4767
-2.42063, 7.78016, -4.66137
-3.02916, -0.347375, 5.38782
2.18587, -1.64382, -4.37795
1.13427, 0.734766, -7.70596
1.45757, -2.03594, 4.93706
-2.33374, 0.795128, 3.2418
1.8993, 3.15129, -1.42854
-1.50299, -1.04868, -5.89666
5.46689, 4.47451, -5.44311
2.20314, 0.322109, 2.76561
3.89664, 3.96005, -8.27812
0.902692, -0.305899, 5.3898
1.98893, -4.58593, -5.56719
-0.679827, -0.417844, -4.06936
0.405013, 0.583344, 1.02879
0.698384, 0.765919, -1.38017
-1.05161, -7.08591, 5.72349
0.864162, -0.349321, -1.06326
-0.805119, 0.55776, -4.60304
0.676309, -5.35507, -2.23976
1.06173, 1.99857, -0.918211
-0.877324, 3.99071, 3.08288
2.39956, -0.601192, 4.49603
2.20882, 0.272206, 5.38903
2.92596, -1.69721, 2.59677
0.623082, -2.23816, -2.79804
-3.82783, 1.14564, 1.46802
0.316606, -3.02959, -0.937066
1.3644, -0.810772, -4.77789
-1.79855, -1.973, -8.42374
0.960012, -0.420356, -3.2748
-0.811939, 0.301134, 1.48283
0.462546, -1.64448, 4.81241
-1.6535, -1.54578, 2.86218
0.954455, -1.87091, 5.60247
0.427717, 0.492702, -1.04992
2.13169, -0.308008, -1.98139
2.44967, -2.00178, -2.82956
-0.156468, -1.18083, 0.996676
2.22037, 0.549142, 3.47958
-4.51335, -1.92332, -2.46479
0.12463, 0.0360298, 3.78073
-3.60641, -0.979345, 5.03141
0.996398, -0.344433, 2.73457
-0.295932, 0.966601, -7.05803
-2.95751, 2.2915, 4.91261
-1.8458, -0.22237, -3.68422
0.0378442, -1.08886, -0.776615
-5.55138, 2.23774, -2.26388
-2.16729, -0.181913, 6.07215
-0.721064, -1.29644, 3.35876
1.75964, 1.42273, 3.70352
0.850583, -2.72818, -1.71628
5.99974, -3.61469, 6.27959
1.29956, -0.761065, 3.36806
2.05019, -1.21983, -5.07216
0.792178, -0.505383, -2.4286
-1.10413, -2.57671, -6.14506
1.48524, 0.483911, -4.92356
3.17063, 1.42422, 4.71533
2.44253, -0.840716, -3.6359
0.942638, -5.12157, 4.6257
2.26358, -1.57328, 3.25045
0.244314, -6.75843, -4.76576
-0.911738, -1.84556, -1.32146
0.129608, 1.14261, 0.590406
-2.20074, 4.28288, 2.8871
4.20994, -2.19657, 6.46631
0.606225, -2.60945, 7.88018
2.10534, 2.28062, 5.28438
-1.24993, 0.0708874, 4.4389
0.623823, -1.8337, -1.56068
2.27189, 0.322753, 7.28608
4.17411, -2.02536, -5.50183
0.221419, 2.19521, 4.27751
-1.31411, 2.28308, -5.26882
-0.762768, -1.81219, -10.771
-0.860586, 1.73754, 2.77435
-1.54976, 0.702903, -1.90863
-1.11482, -2.0097, 2.89095
-3.65277, 0.664868, 2.34843
0.512985, -0.55648, 0.968258
-1.73023, 1.67156, 6.82667
1.73244, -0.350542, 2.51793
-1.82079, -2.1647, 3.93852
3.26625, -2.07006, 2.29703
-5.96378, 0.362397, 4.32558
2.2751, 3.42928, 4.64837
1.20187, -1.16862, -5.064
-1.11934, -1.52374, 5.89855
0.534495, -2.41269, 4.58582
1.55179, -1.54188, 6.23098
-0.165334, 3.27425, 1.56226
0.941938, -0.660789, 4.18107
-1.75677, 1.23302, -3.66755
-1.65986, -1.83152, -5.40564
-1.37916, 4.13945, -2.44975
-0.477457, -0.504758, 8.2695
1.05696, -0.31666, -2.93722
0.908598, 1.1295, 1.89057
0.55003, -0.394953, -5.00584
-0.526919, 0.387955, 2.92134
8.04549, 4.87291, -4.06331
1.85939, -3.39775, -2.46573
-6.42094, -0.635585, -2.64299
-2.79978, -3.25463, -2.34813
0.383491, -3.31233, -6.31672
-1.92684, -2.3162, -3.62944
4.23572, 0.205273, -2.36537
-5.50256, -3.96319, 3.90514
1.17791, 1.36699, 5.98266
-0.653819, 10.7049, -2.64507
-3.09968, -2.89446, 1.6616
-0.550874, 0.209687, -1.56208
0.668637, -0.129068, 1.28029
-1.94964, -0.612004, -3.97604
-2.22526, 2.2579, 4.41977
-1.19702, -2.96606, 2.19258
-5.3434, 2.3954, 3.50061
2.44422, -0.126928, 2.55632
-6.53173, 2.64883, -8.83569
1.72506, 0.878858, 7.50774
-2.77246, -3.61359, -5.8578
0.566267, -1.57791, 1.62811
-2.40632, 1.25371, -2.1691
1.60308, 0.0865959, -3.34932
0.167542, -0.863459, -4.21036
-4.00404, -3.26883, -7.88566
2.42823, 1.5256, -4.84731
-1.02348, -1.14581, -0.818112
-0.514184, 0.0622838, -4.31146
0.224711, -3.11914, -3.53285
-3.88233, 0.171207, 5.22754
0.550183, -0.592055, 2.47264
0.227247, 1.9213, -0.957318
0.937719, 6.4443, 5.70237
0.6569, -1.48199, 2.87187
2.69313, 2.63087, -2.18187
2.53377, 0.244813, -10.601
-0.121623, 1.08309, -0.511971
1.97962, -0.430722, 5.8307
1.19208, 4.08267, 6.33442
0.0515173, 2.00083, 3.29735
-1.89174, 2.43542, 6.11715
3.63181, -0.801524, 2.70443
-1.34438, -1.64879, 0.475647
-1.48657, 0.48303, 4.00687
-0.669952, -3.34345, 8.84362
4.26114, -4.50578, 3.74925
-1.82646, -0.734, 7.00063
1.91305, 1.27501, -6.59868
-1.01626, 0.456417, 1.9704
2.78488, -1.04969, 5.8122
-1.25974, 0.0327797, -3.93794
-0.697908, -4.13704, 4.05205
-0.384502, 1.28828, -5.2499
-3.24028, 0.230242, -5.32588
-1.99739, 0.340885, 3.46721
2.0869, -2.39395, -6.88583
-3.28436, -1.50071, 5.15497
-1.85573, -4.1151, -5.14076
2.73067, -0.4917, -9.14781
1.32101, -4.79945, -7.36246
-1.26309, -1.09723, 2.97072
-3.49152, 0.770386, -0.62641
0.612727, -1.89027, 2.23913
0.693817, 0.97788, -2.50906
3.29039, 1.85665, -6.27826
-3.95304, 2.14626, 2.27864
1.83386, 3.24909, 2.98003
1.71969, 2.49066, 1.8565
-2.47108, -0.486579, -5.1559
-0.620692, -0.819219, 3.23288
4.11726, 0.310515, -2.02551
-2.31917, -1.55183, 4.155
0.15283, 2.84458, -2.71996
-0.569361, 1.41781, 3.19836
0.0772848, 2.39367, 5.66132
1.05424, -2.02302, 4.6656
-0.549335, 1.36811, -2.93934
-2.33121, -1.10248, -2.59984
-0.259573, 1.37058, 0.974197
-2.77528, -0.255598, -3.44535
-0.571878, 0.859049, 1.8176
-0.267783, -0.0879125, -1.2965
-1.60594, -1.73547, -5.73382
0.29018, -3.84409, 5.6643
-4.97668, 4.07677, -2.424
0.104474, 2.94824, -4.57321
3.21774, -1.05404, 4.02618
1.83499, -2.06174, 1.45348
0.945502, -0.456676, 2.81596
-0.325349, 0.18083, -1.76429
-1.06716, -1.70498, 4.21586
-1.24395, -0.0938594, -1.83059
-6.15081, 2.77448, -6.1502
1.34092, -0.663592, -1.16795
-5.65175, 0.412523, -0.607658
-1.88257, 0.79017, 1.49587
-3.54813, -4.12731, 4.8534
-0.120616, -2.37402, -1.8105
5.30656, 4.3649, -7.54459
-0.993565, -2.78111, 2.55931
-1.6533, 0.573698, -3.54702
2.56999, -1.7548, 2.15965
0.544342, 0.590027, 3.39291
-1.2839, 0.65809, 1.51255
-1.40051, -0.653258, 4.41105
6.40712, 0.535748, 4.29336
0.0773158, -5.04797, 3.09245
0.15563, -1.86211, -4.7404
-3.22052, -0.312914, -1.61
-1.08268, -1.2685, 3.40154
-3.00897, -0.0902955, -7.12263
0.789376, 2.4907, 2.85216
-0.150228, 3.76063, 6.82559
-0.753638, 1.02182, 2.33041
1.89246, -0.916412, -4.98141
-0.666603, 0.321405, -2.27895
-0.500268, 0.0708344, 4.09799
-0.263487, -0.356138, -0.796427
4.30154, -0.30917, 1.36049
0.273133, 2.59277, -2.60509
0.0704092, 3.67691, 0.994651
0.554949, -0.984058, -2.63022
-2.39502, 6.38631, -5.06724
2.36996, -0.137397, -1.66359
-0.732936, -1.63844, -2.38688
-2.19937, -2.79298, -7.78663
-3.2094, 3.93601, 6.36973
-1.69489, 2.04967, -2.22648
-0.967059, 0.572498, 2.17035
-1.62047, 1.41604, -2.43419
-2.33092, 0.809379, -2.72527
0.933385, 0.201642, -8.17763
-0.598848, 1.90112, -1.34849
-0.446945, -2.23981, -5.40527
1.04189, -0.170854, 2.05126
2.78017, -3.77626, -3.63579
-0.791976, -0.141999, 4.4911
-0.908568, -1.79999, 3.68973
-0.264504, 1.19626, 6.00749
-4.19668, -1.17218, -2.60573
-0.593068, 1.26435, -3.76757
0.995744, 2.01697, -3.69189
-4.22589, 1.09298, -4.43555
0.467997, -8.57178, -7.84807
-0.0271172, -0.660553, -1.35308
0.0430253, -2.45493, -3.54987
-1.33995, -1.49051, 1.41239
-0.431715, 4.33776, 1.49838
-0.975665, 2.46029, 2.3229
5.18431, -1.69699, -4.64317
-1.38755, 3.25704, -3.37761
0.905977, -3.08501, -1.42974
1.35351, 0.536477, 7.23473
0.435466, 3.88987, -2.0272
-0.784689, -3.3446, 4.39711
-0.540095, 0.225745, -1.82953
3.0739, -2.56684, 4.79342
0.228898, -1.6985, -1.54238
-0.830691, 1.83569, 2.91386
-0.0168291, 8.25209, -3.21349
2.91919, -0.192859, 2.99891
1.09905, -1.54509, 4.82202
0.00737019, 0.591263, -6.31966
-1.80054, -0.522454, 2.03108
-0.383293, -0.505357, -0.832855
-1.04165, -1.09117, -2.83398
1.39667, -2.50944, 6.56061
-0.28539, -0.284872, 5.3801
-3.01797, -0.997923, -4.26663
0.858569, -0.361808, 7.74894
-3.76951, -1.53483, -4.87561
0.0263599, 4.81557, 5.21653
-2.76905, 2.68277, 1.85791
0.440328, -1.67322, 2.30254
2.16994, 1.49563, 2.96211
0.59687, 1.30484, -3.82457
2.22407, -0.464018, -1.50909
0.43711, 2.09203, -0.799806
-2.39352, 0.844719, 2.484
0.43325, -3.98895, 2.11947
-1.42329, -1.23142, -3.4677
1.3711, -1.48697, 2.20334
-3.73692, -1.73279, -3.18842
-1.83604, -0.967386, 3.08737
-1.40413, 1.80887, 3.83494
-3.9369, 2.07219, 0.413772
-1.15541, -1.49185, 5.2334
-0.646997, -0.527843, 1.70306
-0.49699, 1.95698, 1.90152
-2.84339, -1.80164, -2.34337
-6.6511, 3.22052, -6.92376
2.54423, 1.52684, -5.99059
2.48891, 1.07435, -2.9894
-5.42284, 0.31073, 7.22196
1.64908, -3.02821, 3.5307
0.334074, -0.716759, 2.84456
1.80271, 0.34655, 3.23776
-1.18525, 0.865962, 2.61113
3.51147, -2.2474, 5.32126
-6.43898, 1.79691, 5.01739
0.62439, 0.109331, -4.77773
0.74336, 4.88075, 2.57944
0.438076, 0.0841478, -2.04611
0.482103, -0.681743, 2.37471
1.47448, 5.06687, -3.92535
-0.447674, 4.25178, -5.52028
0.748227, 0.061918, -3.15548
3.59434, -2.69273, 3.48139
-0.407888, -1.29713, -2.20365
-3.6276, -1.30554, -3.86925
5.57452, 1.92642, -5.23665
2.27731, -3.65413, -3.50625
-0.847726, 0.0655875, -3.4258
1.58798, -3.37549, 0.70942
0.286159, -0.528546, -2.36009
-3.16178, 0.474731, 7.19607
2.22615, -1.51092, 7.98382
2.4804, -2.75944, 2.26638
2.40211, -2.83998, 5.25889
5.03911, -5.79388, 3.1237
-0.255889, -0.344468, 0.958872
-2.9397, -4.33829, -2.57668
1.18095, -5.01387, -8.06802
-0.386091, -0.211023, -2.57522
2.78811, 3.85516, 7.1403
-2.52594, -3.87939, 4.20674
4.9055, 3.58374, 6.30691
-1.00856, 1.75121, -4.628
0.138275, -0.91866, -1.73069
3.21743, -2.41404, 2.09385
0.78189, 1.93501, -4.649
3.58593, 0.70535, -0.904684
-3.01726, -0.51456, -2.70692
1.71536, 3.55966, 1.33523
-0.095506, 0.855815, 2.7093
2.14352, 0.0670862, 2.34834
-1.37231, 1.41962, -2.45939
0.939884, 2.0664, -2.21195
-0.457829, 0.386859, -2.26649
-2.64347, -8.4734, 9.86919
0.601262, -0.548901, 2.76382
2.02416, 0.33027, -3.34441
5.5863, 3.37126, -9.71908
0.403263, 2.92336, 2.93193
-2.55042, -0.439688, 6.99174
-3.27619, 0.962213, -4.24181
2.13513, 4.83476, -3.81969
-2.81274, 0.568648, -4.38002
-2.21586, 0.0362909, -2.15944
5.29434, 2.61472, 4.3861
0.715688, -0.337671, 0.930319
-0.284762, -0.540807, 2.61188
1.5585, 2.77981, 4.33222
1.66322, -1.62154, 2.55383
-2.0432, 0.144262, -5.01012
7.11963, -1.01609, -7.133
-1.37562, 3.0326, 4.13725
-2.82498, 0.249253, 4.58631
-3.53932, -2.99674, -3.1528
-2.22131, 0.70333, -5.23724
-2.24417, -0.229442, -2.54043
0.386641, -1.09701, -1.38868
1.88473, -1.03285, 2.05046
1.34638, -0.31116, -2.90753
-2.28981, -3.22477, -3.81977
4.16889, 5.36142, -2.06659
-1.9077, 1.26307, 2.44173
-0.407243, -1.39556, -1.23929
-0.165432, -0.282158, -3.10227
0.373313, -1.37196, 2.19486
-4.11995, -0.981627, -3.49342
4.15784, 0.600633, -2.87627
2.33371, 0.468859, 1.95583
-6.23448, -0.617331, 2.75789
3.2759, 6.21688, 1.90373
-0.897968, -0.0234489, -2.08577
-3.55037, 6.87507, 2.30095
-5.50003, -1.68699, -3.82249
0.820302, -0.297268, 2.53428
0.435239, 1.01454, -2.15085
1.11084, 0.296539, 3.34898
1.85789, 1.6053, 7.24788
0.450338, 2.12762, 2.66826
-2.19394, 2.19769, -3.4463
-1.83926, 0.02407, -2.16425
-2.3003, 0.704746, -3.24781
-1.53638, -0.239443, -1.57811
4.51164, 1.91934, 1.58432
2.93142, -2.52046, 1.69728
3.88402, -0.467294, 6.2931
0.454709, -1.12582, -3.99788
6.10203, -2.67395, -9.98451
3.81464, -0.820721, 3.70225
-2.6512, 3.52785, -9.49523
1.97827, 0.90301, -2.541
0.469235, -1.76842, 5.56253
0.927145, 0.177885, -2.91178
-0.798244, -1.5399, -2.76128
0.755561, -0.226976, 3.00643
-5.99935, -2.07799, -2.04925
0.665487, -4.36933, 4.03334
-0.596587, 3.05942, 3.35083
3.35146, -0.867736, 5.68984
0.406717, 0.951454, 2.74189
-4.89444, 4.20843, 5.11901
-2.88255, 3.65928, -6.68112
0.368213, 3.9044, 4.42058
3.52689, -0.2958, -5.78552
1.49687, 0.685878, 2.42968
1.33965, 5.73863, -5.51392
-3.409, -0.504083, -3.52901
-5.06317, 2.04236, 9.03475
-0.363922, 2.00955, -1.52853
1.4881, -3.40338, 1.31205
0.11429, 5.54622, -4.80271
4.26372, -3.25605, -4.36496
-4.56394, -3.1644, 6.27977
1.2171, -0.413299, -2.21895
-0.778141, -4.24083, 5.3064
0.434071, -4.81197, -5.32548
-0.788538, -0.656862, 4.69048
-1.85469, -4.5465, -2.70643
-0.886749, 0.457228, 3.14549
2.52751, 2.44819, 4.20996
0.626459, 1.02438, 2.06182
1.9749, -0.141554, -2.39064
-0.594394, 2.29087, -1.1865
1.40579, -4.0617, 4.58492
-3.75053, -2.41189, -2.63543
-2.08855, 0.939062, -2.3882
0.477514, -6.22669, -2.81182
-1.2838, 0.4154, -1.49088
1.71062, -0.0792288, 2.8564
1.92057, 2.46993, -3.00148
-0.441041, -2.29772, -4.96491
-4.20242, 2.56106, -2.9328
5.2824, -0.795368, -1.412
1.7871, -4.68374, 9.05307
0.483221, 3.47845, -3.38978
-0.0589648, -7.28458, 9.43841
