-0.390552, -2.62422, 3.1529
1.29399, -3.53269, 3.6852
3.30215, -0.232484, -1.85734
-0.902111, 3.41564, 3.12756
1.41281, -2.48504, -1.71003
2.27043, 3.11364, -2.80553
-4.0449, -1.96778, -2.6636
-3.22415, -1.57233, 3.28814
-0.514636, 0.183265, -2.81293
-2.32114, -0.579593, -7.32285
1.24024, 1.54946, 0.710631
-6.32913, 6.80011, -5.5409
0.969917, -1.57817, -4.93078
-0.316584, 1.67326, -2.42613
-0.312227, -0.0374432, 2.66985
-1.30883, -4.6407, -2.55522
0.235138, -5.71849, -3.68374
-2.73152, 1.35676, -3.11009
-2.58818, -0.996929, 4.77988
5.79157, -3.63069, -5.71658
4.58636, -0.865142, 1.0757
-0.101511, -0.638294, -4.419
-3.00066, -1.25354, -3.85935
-2.20036, -1.3171, 2.33232
-0.0548803, -0.60802, -1.51968
-4.25908, 1.46484, 6.371
-1.19103, -0.522832, 3.00899
3.14661, -0.00630203, -4.67902
-4.81174, 3.21114, -3.10293
1.43024, -2.11154, 3.06454
0.882903, -2.09836, -2.31328
-3.03313, -1.59226, 3.63833
-3.07333, -2.55458, 9.1803
-1.61036, 0.860606, -0.999071
-1.56165, -2.11003, -2.49302
2.50669, -0.469263, 4.77184
-2.47319, -8.44002, 2.90119
-6.83628, 0.30862, 2.92134
0.762458, -1.14904, 3.78288
0.561238, 1.31366, -1.93005
-2.47644, 4.30114, 3.7106
2.8503, 1.26444, 3.23178
4.12214, -2.67919, 2.63466
1.12201, -2.30801, 4.0797
3.49201, -2.21315, 5.28679
0.0758878, 1.07255, 6.63159
-0.496394, 2.2639, -1.16765
0.0431815, 1.57891, 2.79385
-1.21894, 2.09744, -2.52246
-1.85601, 3.55541, 4.4398
-2.88678, -0.856991, 5.88113
-0.0288769, -4.95815, 2.90839
6.27742, 0.849219, 6.44421
-1.56504, 1.07421, 4.24075
3.26595, -0.306103, 4.02766
1.93725, 1.38492, -2.98707
-0.215317, 1.22198, -2.16388
-0.985966, 3.11262, -7.22589
3.09875, -0.706933, -6.3937
3.83713, 1.26821, -1.14089
0.554077, -1.64069, 4.61746
0.376765, -0.792275, 1.72772
2.28987, 3.81813, 5.7393
-0.0768709, 3.35131, 1.99733
0.0696611, -0.500168, 3.83342
-6.24573, 1.1639, -6.32076
-2.3574, 2.50707, 4.92324
-0.417469, 0.574143, 2.23961
0.172825, 1.04657, -12.4939
-1.64615, -2.6818, -4.18103
-7.41811, -1.83832, 8.61193
8.00436, -1.29016, -5.64823
-3.88318, -6.32341, 2.19589
0.876753, 1.61856, -2.42143
4.20949, 2.81773, 1.87211
2.30626, -2.43444, -3.52627
1.28904, 0.68828, -2.08079
2.13028, 3.51306, 4.50982
2.49635, -3.52462, 6.25137
1.62076, -0.908042, 6.97511
-3.57485, -1.09362, -1.86257
-0.823353, 2.09522, 4.44788
0.646734, 0.500483, -1.7042
-1.43016, 0.782042, -3.09776
1.95668, -1.44177, 4.18905
5.24844, 1.5917, 6.19643
0.478074, 1.44584, -2.74718
-2.38329, 0.836603, 3.41851
-1.96583, -2.30242, 5.18498
0.688912, -1.44473, 4.3713
0.310859, -2.12214, 3.59463
-0.289593, 2.02607, 1.94156
-0.710129, 2.13116, -4.4335
2.15244, -0.263954, 2.53288
2.37658, 1.2091, 2.5663
3.27616, -2.54888, 6.35061
0.0380769, 1.26983, 3.01478
1.22044, -2.36362, 3.2752
-1.80088, -0.57076, -2.59981
-2.06319, -1.42051, -2.75175
3.41415, -0.609432, -6.03983
3.52137, -0.431878, 1.27832
-1.07791, -0.625808, 3.00883
-0.115739, -0.667031, -2.18491
-3.16366, 1.61869, -3.27698
-0.0657922, -0.171509, -4.10955
-7.48008, -2.95563, -2.65506
-2.23565, 1.7122, -4.91515
-0.851347, -2.75602, -5.71591
-3.93347, 2.97042, 3.53298
1.34732, -0.296567, 6.01722
-0.353972, -1.83767, 3.53837
-2.45321, 2.52861, 2.79318
-0.195904, -1.76308, -4.62754
1.27639, -2.68489, 2.54566
3.17588, -0.20512, 1.36512
2.96542, -3.04236, 3.44172
-2.76246, -1.04144, -5.07498
-1.73788, -1.03725, -1.72945
0.403472, 1.85672, 3.83258
-2.75324, 2.65446, -6.05004
-0.00431043, -1.753, -3.85067
-0.90715, 1.89223, 1.30584
-1.31502, -0.826798, 2.05024
-6.46932, -0.267328, 1.76238
-3.85672, 1.87797, -2.20867
-0.345651, -2.02795, 2.26241
-1.66533, 0.0998014, -4.0038
4.32776, -0.839093, 5.65973
2.58745, -0.731248, -2.43908
1.4364, 3.39508, 3.07384
-0.429746, 2.58211, -2.17248
-1.71287, 2.73561, 5.25653
-1.93922, -2.10486, 6.52451
-0.590665, -3.0892, 1.07934
-5.2852, 1.06, -2.16272
0.562939, -1.80096, -3.01663
-0.992009, -1.04754, -5.24663
-0.511184, 0.0975887, 2.18897
0.559934, -0.967194, -9.10579
-2.49453, 2.07914, 6.89273
-0.781366, 3.28932, -2.96041
-3.66853, -4.37644, -7.51828
-3.13411, -1.73105, -5.07422
-2.25067, 1.69871, 5.03914
1.62361, 0.0275238, -3.09141
1.49834, 1.15061, -4.13302
-0.325236, 0.467989, -5.14241
1.62337, -2.11857, 2.48695
-0.971054, -1.15179, 2.17841
-0.157012, 0.647128, -0.931391
2.66094, 1.58905, -1.328
-4.65732, 2.31994, -3.15369
0.354365, 1.49162, 0.928608
2.22351, 1.99332, 5.16052
-0.386146, 1.99649, 3.39331
-1.78943, -1.4251, -6.19086
2.18264, -1.58492, 4.02317
1.92803, -1.87744, 5.20667
-1.68175, 0.195269, 6.06755
-0.917384, 1.73573, 4.33725
-0.832117, 3.08835, 7.49672
-1.4312, 0.190556, -6.75519
0.833198, -0.541414, -1.45339
-0.664549, 6.18967, -3.55031
0.651212, -0.729867, -6.11962
-3.74584, 0.963795, 5.06813
-0.500697, -0.52006, 2.34803
2.53783, 2.66768, -2.0857
-1.79077, -1.64553, 1.43357
-1.05014, 2.62987, 2.57625
1.97321, 2.29143, -3.27905
-0.566158, 3.24451, 5.17145
-1.35827, -2.15886, -2.03758
1.02633, 2.24731, -6.52005
-2.0051, -4.55377, 6.66022
1.84993, 3.30124, 3.03958
0.592685, 1.90691, -3.43208
1.08552, -0.845741, -2.99789
-3.15156, -2.70933, 4.93608
0.269105, -2.10378, -3.73376
3.09663, -1.02786, 3.14572
-3.26792, -0.508053, -3.31607
-0.180475, -5.45162, 4.04615
2.24834, 0.594042, 1.26261
-2.67077, 3.25545, 1.74268
-2.57045, -6.67905, -7.49925
2.05003, -4.62699, -3.02432
-0.886199, -2.52608, -2.22075
2.59151, 4.60777, -8.12184
0.151102, -3.06725, -3.71021
0.677508, 0.500231, 1.52076
0.180189, -4.87909, 2.87943
0.00926067, -0.0393037, 3.64588
-0.401631, -2.97871, -6.28118
1.28773, 1.278, 2.09848
-0.107415, 1.23483, -2.63397
2.34333, 1.29165, 3.68175
-2.13029, -1.29935, 2.09788
4.72948, -2.86909, 1.97215
1.89813, 0.119601, 3.17642
-7.30479, -3.2922, 8.2457
-1.39716, -1.29915, 4.63985
0.280781, 0.017071, -3.15637
-1.93812, 4.99961, -2.91212
1.65198, -0.716019, 4.03346
-0.967303, -1.42258, -0.670024
-1.70072, 2.08378, -1.65269
-3.72327, -1.20362, 2.87108
0.565222, -1.96378, -5.07694
1.27826, 0.717773, 2.84754
-1.40072, -1.76933, -3.43844
-0.936105, -3.2726, 2.01749
0.626008, 0.40111, -2.10311
0.667777, 2.22395, -1.59072
0.698144, 4.41702, 3.16492
0.208015, -0.0869242, -1.6726
-0.48555, -1.89781, 1.93049
-1.65192, -2.36847, 5.2344
0.826643, 2.16463, -2.13722
2.14138, -2.58415, -2.05473
-3.17995, -1.87978, -3.72611
0.0885511, -0.438755, -3.43511
1.18252, -0.175758, -7.24684
-0.867656, 0.379329, 5.32456
-0.148813, -0.0687019, 5.13735
2.15941, -0.876509, 4.58164
4.9241, -1.31226, 2.90707
3.50217, 2.1839, -6.55971
-5.51088, 0.291234, -1.071
3.42352, 3.00488, 1.84403
3.23328, -0.35582, -5.22543
0.133833, -0.864481, -3.58425
-0.348022, 0.848643, 1.87059
-3.12663, 0.536489, -1.82393
-1.49292, 0.0195409, -2.49732
0.419892, -0.911861, 3.87078
1.55622, 0.166371, 2.81948
-2.0157, 6.31742, 2.19804
-2.10332, 3.65017, -4.75649
-2.41855, -1.86705, -6.8533
1.14173, -2.3851, 2.33769
0.120692, -4.44208, 14.5276
3.60623, -3.64059, -6.34206
1.23716, -0.917499, -4.48655
1.91576, -1.50617, -3.6897
4.33723, 0.410817, -2.70832
1.71861, 1.47538, -3.28738
-0.28252, -0.100533, -2.08404
-2.97612, -3.5785, 7.30683
-3.06576, -3.08874, -7.34788
-0.790811, -0.877822, -1.97005
1.88789, 0.488853, 4.41926
0.702585, 1.48433, -2.27005
-0.516203, 1.69154, 2.96869
-1.46232, -0.664785, -2.63503
-2.08513, -3.04593, 3.13266
-4.2729, 0.156796, 3.85483
3.99827, -0.765159, 7.82843
-1.6222, 1.05575, -4.25941
0.683123, 0.27551, -7.82848
2.79355, -2.94621, 2.63064
4.16177, 4.62499, 5.73429
-2.89794, 1.76254, -8.40338
0.527643, 0.149249, -2.8511
3.32064, 1.73603, 2.00386
0.731227, 1.71422, -3.68484
-1.62927, 7.59215, -2.39464
2.35492, 3.26315, -3.33803
-0.47853, -3.46478, -5.60998
-1.75714, -0.0242827, 3.90494
1.40465, 0.906594, 3.1284
1.96759, -4.45583, 5.88346
-1.18925, -1.93599, -2.71116
2.12119, 0.119042, 4.98961
-0.739787, 1.33656, 3.4129
0.592146, -2.66454, 5.09015
0.860242, -0.318362, 4.3062
-1.34228, 0.990835, -1.66091
-1.80914, -2.29254, 3.4079
-0.0464094, 6.88428, 12.536
-0.679894, 4.2395, 6.43545
2.47365, 1.05773, -1.46679
-3.55143, -0.809493, 5.03955
0.885132, 2.26263, -1.45638
1.72458, 1.18096, -3.78336
-3.43335, 4.05458, 2.18342
-0.850375, 2.36483, 1.47322
-0.18212, 2.59144, -3.98668
0.399129, 0.645079, -3.19909
3.1657, -0.895594, -3.41361
0.467194, 0.871506, -5.9985
-2.15435, 1.1481, 7.46722
-0.796435, 1.75368, 1.45002
0.691846, 1.05761, 4.91636
-1.46945, 2.90472, 2.79998
2.75401, -6.8263, 6.05218
1.3757, -1.31253, -5.86293
-0.980138, 2.91347, -4.52536
-0.441328, 0.058086, -2.78928
-2.9028, -4.30446, 2.73123
0.0963196, -0.683496, -2.49581
3.2226, -3.07852, -3.59955
0.275021, -2.25577, -2.82332
-0.136103, 0.326188, 5.23671
-3.2205, 1.91649, -6.28272
3.59316, -1.32843, 1.80829
2.13319, 3.55335, -4.41342
-2.06534, -0.552031, -3.09271
-0.349309, -3.78545, 7.68847
0.135106, -3.59705, 5.57634
-1.15267, -2.2201, -3.80217
-2.55471, -0.618666, -1.44201
-1.70991, 0.59878, 3.38659
0.498273, 1.16099, -3.17033
-0.658852, 2.40927, -6.54433
-3.15753, -2.39661, -5.84104
-2.22324, -1.05644, -3.01371
0.812852, 1.96587, -2.75438
-0.758556, -0.645626, 3.83344
-1.99079, 5.6568, 3.72158
0.154917, -4.03024, -7.42158
2.59066, -6.03279, 2.06546
-1.10623, 0.790633, 3.96438
-2.57946, -4.81806, -10.7469
1.59384, 2.96733, 1.93065
-2.83247, 2.33853, -3.79936
2.98228, -1.26063, 5.13956
-2.18098, -0.0133449, -2.24886
-0.581778, 0.597019, -2.78575
-2.68844, -0.0138659, -3.33633
-0.674556, 0.599345, -6.83712
-0.65956, 1.10186, 2.68785
-3.91902, 2.90999, -2.53396
2.47137, 0.115501, 3.94363
-3.20345, 4.7993, 6.40168
-0.421088, 0.530261, 1.59608
2.68775, -3.91354, 7.29627
-6.58289, 3.83196, -3.80873
2.79068, 0.593683, -1.64376
0.307413, 0.615385, 1.95418
-8.80333, -2.32535, 3.52198
-3.52087, 1.91248, -1.24377
-0.351311, -3.22673, -2.629
-0.936242, 0.866687, 4.05429
0.213308, -3.96924, -5.96085
3.50236, -3.73576, 5.98242
2.12203, 1.97179, -2.28505
4.01203, 2.12888, -4.56438
2.9014, -1.4378, -4.72647
-3.63685, -0.750777, -3.84405
-1.55251, 4.61224, -0.755156
-2.71631, -1.75076, -3.90508
0.0712685, 0.225396, 1.97296
3.78896, -1.46773, 4.46649
0.554278, -1.99478, 2.3796
-1.19024, -3.1872, 4.2404
1.94403, -5.1694, 4.73451
-2.57832, 1.41723, 4.38523
-4.45846, 4.94475, -3.63467
-1.04451, -0.63008, -8.59747
1.55425, 0.558015, 1.24308
-3.56291, 3.74745, 6.57896
-3.84872, -1.95909, 4.10886
-0.694468, 4.15932, 2.48243
2.86269, -1.6585, 4.61792
0.472747, -6.46109, -3.05947
0.555523, 2.72827, -3.12514
0.252927, -1.39242, 2.08395
0.288891, -2.60748, 2.03701
2.0775, -0.0319999, -2.97579
-0.438432, -2.52638, -3.97144
2.27356, -1.31275, 3.48255
0.158648, -1.66212, 4.29104
-3.09162, -0.968298, -6.23973
-0.076102, -1.35189, -3.81944
-3.68739, 1.51112, 9.38678
-0.15138, -3.57391, 2.5412
1.29012, 2.09603, -3.84427
-1.71184, -0.398808, 3.35856
0.000133614, -2.46451, 5.68447
-0.552982, -0.413794, 0.508814
-3.98606, -0.81791, 4.28563
-1.62348, 1.31261, -5.42163
0.541705, -0.73717, 2.26725
1.88586, -0.303968, -2.86303
0.509138, 5.44877, 2.16922
4.00956, 4.87896, 5.18018
-4.21756, 0.443475, -5.00565
-1.2463, 0.751743, 2.31502
-0.247924, 2.67916, 4.92963
-1.03538, -0.782821, 2.98951
-2.08817, 2.19931, 2.33527
-1.38298, 0.826266, -2.79457
3.17187, -0.737517, -2.47778
-0.582266, -1.42725, -3.99401
0.408502, 1.93336, 1.79309
-0.17679, 3.52069, 4.95113
0.0815027, -2.01584, -3.6295
-2.43934, -1.04878, -2.81979
-2.81727, -0.98897, -2.74085
1.49272, -2.56763, -3.78328
-4.67294, 0.646519, 3.9799
-3.44763, 6.06211, -9.73908
0.855848, 5.28429, -3.51164
2.5574, 1.62744, -1.88376
6.33712, -0.913989, -0.559318
4.50649, -3.51243, 4.2265
-0.766263, -1.27889, 2.45521
-0.0634526, -0.255026, -4.56391
1.29906, -0.615979, 3.78993
0.533422, -1.76241, -5.07957
-1.83098, 1.22416, 4.21906
-2.4919, 3.0025, -6.36364
-1.60384, 0.788191, -4.94736
-4.16917, 2.75498, -5.16305
1.17047, 1.71272, -12.3865
2.71416, 1.34137, 1.95374
6.224, 0.36915, 5.18858
4.4619, 3.13655, 3.92022
-3.04348, -0.741388, 8.7531
0.0758294, -0.172433, -4.01561
2.68674, -0.805289, -1.73935
3.19203, -1.92662, -1.20499
3.34511, -2.47459, -1.49196
-1.67384, -1.49283, 3.8263
-0.998337, 1.79031, -2.42913
-1.03952, 0.037214, -2.00981
-3.8821, -1.49369, -3.87874
4.17234, -1.64824, 5.49585
-7.40746, -0.268398, 3.22684
1.01694, 0.929035, -5.21691
-0.850286, -7.60827, -8.0651
-0.140163, -0.798876, 3.08238
3.237, -0.0828854, -2.74437
0.899119, 0.00764015, 0.751818
1.79049, 0.581118, 1.46341
1.41276, 0.898094, 3.20142
-1.49553, 3.89171, 5.0305
-0.176898, -2.51398, 5.4496
-1.57103, -0.49192, -4.93347
0.575116, -0.5977, -2.99622
1.0793, 0.0359881, -1.54607
-2.62183, 6.34966, -3.35009
2.94417, 0.690081, 3.09675
2.88424, -3.04338, 5.13011
-0.158995, -3.5315, 4.42491
3.11595, 2.08804, 2.32998
-1.36795, -2.04576, -2.23777
-0.537073, -2.11004, 3.83938
-2.16397, -0.288291, 1.87022
-0.506848, 1.32031, -4.71178
2.39652, -2.78783, 7.12801
-1.37105, -2.16545, 3.44097
-0.632934, 1.41632, -2.33991
0.262397, -3.57512, 2.86886
-4.02634, -2.64692, -4.74755
-3.89725, 1.37206, 5.63814
-1.11079, -0.885507, -2.7536
-1.3925, -3.59973, 3.74766
0.222776, -1.39505, -1.66002
1.84106, 0.760059, 4.18273
-1.35255, -3.13564, -2.43518
0.645235, 1.19347, 2.92727
0.304049, -1.00086, -1.96476
-1.05306, 2.23975, -2.77465
1.60224, 1.59801, -3.68209
2.25936, 2.36983, 4.14543
-1.3491, -3.14207, 1.48909
0.655926, 0.0620799, 2.88581
-1.21902, 0.416206, -2.46564
-1.19371, -2.18005, -4.82443
1.18354, -0.969255, 5.35996
1.68545, -4.41434, 8.79325
-0.0979503, -0.61959, 3.17267
3.08863, -1.31283, 4.42615
-0.503692, -3.53978, -4.12504
-0.842991, -3.9411, -2.13731
-0.146662, 1.30197, 2.24911
2.26239, 0.768913, -4.39799
-2.01327, 1.58213, 2.31195
1.07476, 2.14847, 1.92683
0.441566, -1.21209, -3.77189
2.84992, 2.02629, -4.93359
-2.1805, -3.30187, -3.22958
1.56572, 0.082009, 4.35598
1.95475, -0.885945, -2.65511
-0.132835, 0.729354, 2.74811
0.46846, -0.636527, -3.36819
-0.942643, -0.364435, -0.460876
0.985318, -0.156516, -3.93915
-1.04269, 0.984109, -1.94926
2.01137, 1.26518, 1.35378
0.213566, -0.663282, 3.69195
1.09875, -0.140708, 1.63343
-1.84458, -0.894189, -3.16396
-3.6517, -1.55065, -5.22243
0.320845, -2.02632, 2.45342
3.24111, 3.67563, -6.58893
-1.26981, -0.371753, -1.13708
4.82957, -2.18307, 5.49163
3.35337, 1.72143, -3.47443
-2.47083, 0.798487, -2.27902
2.47799, 3.0472, -1.48925
0.176432, 0.0794925, 3.24537
1.64216, -1.48627, 5.29083
-0.989954, 0.195656, 2.13275
-2.07343, -2.69572, 2.78408
1.60745, -2.47872, -4.60342
-5.76673, -0.600088, 6.1962
3.20086, 2.51301, 1.80291
2.40551, -1.7927, 2.21516
-0.831468, -2.12471, -3.46671
0.577853, -0.286863, -1.78906
-1.13038, -2.2508, 1.86005
-1.30218, -2.09393, -5.86982
0.0185157, 1.08102, 2.82791
-0.403656, 1.0759, 4.0751
0.769738, -0.1702, -3.65331
-0.287564, -0.389892, 3.17292
1.42334, -0.777027, -2.74013
-5.27385, -2.30874, 6.46698
3.51639, -4.47889, 6.88446
0.394982, -0.566239, -3.61213
0.78831, 0.627195, 3.52071
1.63622, -0.730501, 1.88126
1.12519, 0.550501, -1.07941
2.04476, -5.2701, 2.91635
0.282947, -3.24613, 1.92033
0.926411, 1.88984, -4.71177
1.30759, -2.49685, -1.77806
-2.45021, 0.280176, -7.31512
-3.9267, -1.18486, 5.40375
2.85784, -0.123979, 5.32365
3.67563, 2.31894, -4.65468
-2.69662, 4.43519, -3.54735
-0.976122, 2.34306, -2.60968
-0.362208, 0.291218, -0.754251
-4.79045, -1.6926, -0.443051
1.00065, 1.21518, -3.11587
-0.647961, 5.19062, -1.94675
2.09369, -3.81788, 7.50723
-1.1541, 0.607531, -3.69352
-3.02248, -4.233, -4.83651
0.329849, -5.33944, -2.26367
1.87022, -1.55702, 1.54335
0.217469, 4.0069, 5.61462
1.52383, 0.374875, 3.593
-2.62287, -1.12289, -3.82817
-0.252785, 0.837337, 2.32712
-3.5219, -1.06567, -2.64606
-1.45719, -1.85728, 6.71742
-1.29928, -3.30808, -4.1408
2.74723, 0.486428, -2.10204
-1.63063, 4.72278, -3.54323
0.392968, -1.62372, -0.886103
-1.78556, 3.2013, -3.54958
2.32692, -1.12551, 1.80835
-2.01457, 1.01263, 1.14539
0.585117, -1.1344, -2.21553
4.21394, 1.59368, -4.90246
2.7557, -0.245229, -3.89059
1.15032, -3.91715, -3.44994
3.0336, -2.6558, 4.87179
0.267154, 3.28071, 8.47412
0.606173, -2.17093, 5.52264
-0.976307, -0.975347, 3.45137
2.85376, 2.14403, 5.95614
0.355163, 1.37511, 1.17916
0.356556, -0.824675, -1.57556
-1.4541, 0.591341, -2.43645
-0.785703, 0.193181, -3.19551
5.11562, -1.41785, 4.71164
-2.24655, -5.59947, -5.20288
-2.57571, -3.44459, -5.74218
-7.81213, 0.822986, -6.62763
0.0307515, -0.944897, -3.8364
-0.67541, -0.150402, 2.83294
-2.64891, 3.30627, 4.15602
2.21473, 0.40258, 3.15685
3.28417, 0.100199, -3.55918
3.95951, -1.59234, 3.99123
-0.329211, 2.67829, -2.07755
-1.82093, 6.61957, -5.52251
-3.56164, 3.6072, -5.10506
-0.714979, 2.52482, -1.70821
-1.58612, 0.754597, 5.88119
-3.9341, 2.96039, 3.64195
-0.658461, -3.35091, 5.73967
-0.469975, -1.14989, 1.18967
-0.278875, -0.763786, -3.32461
-0.436311, 2.58465, 2.2536
-0.05205, 0.31773, 4.20017
-0.133158, 0.336844, -1.94557
3.97006, -0.280018, 3.39554
0.840918, 1.51903, 3.18959
-2.79175, -0.738632, -2.03756
2.8884, 0.118097, 2.95823
1.01229, -0.780767, 3.50274
-3.45179, 1.52175, -6.5267
-0.269433, -6.07864, -1.77786
-0.456184, 1.45305, -1.97228
-4.0331, 2.57503, -5.96257
2.89132, 0.568717, 2.53218
2.57367, -0.249598, 2.5714
5.54972, 5.30904, -4.23398
4.60605, -2.81216, 6.82453
-0.0258552, -0.018609, 1.80418
1.02733, 0.202598, -5.49971
1.05552, -1.07704, -2.69043
10.0418, 0.68109, 4.18471
-0.421042, 1.35968, -5.06663
0.629299, 5.11476, -2.04526
-5.96836, -0.436235, -8.4285
-0.758233, -0.55457, 3.431
0.00193357, 0.607, 1.00687
-0.951825, -0.218069, 7.29162
-0.688204, -2.55514, -0.684277
-0.274664, -0.649378, -2.18151
0.811883, 1.35324, 4.00143
-0.871811, -7.01725, 4.625
-2.37512, 1.57558, 4.97598
0.0455052, -3.11544, 6.67268
0.853211, -0.248461, 2.165
1.12368, -3.13185, -2.09808
-0.790871, 0.101681, 1.76538
1.54223, -0.467325, 2.62172
1.59079, 0.620764, -1.44641
-0.820116, 1.22569, 1.19146
0.87723, -3.63829, 3.13187
-0.205669, 3.56474, 4.83543
0.210169, 1.52159, 3.98593
-2.42573, 0.960464, 4.4568
-1.63037, -1.57356, 1.54017
-1.9697, 0.948006, -3.40894
5.58688, -3.0614, 1.72504
2.31012, 1.08893, -2.7077
2.07098, -8.1337, -7.35874
2.55517, -1.00356, 2.39553
0.94508, 1.39305, -2.75363
4.17745, -7.59904, 3.59907
4.01553, 1.74251, 8.15636
1.13602, 2.97972, -3.43462
-1.44048, -3.42604, 3.96242
-1.63736, -0.132609, -7.18669
2.00932, 3.10791, 6.56507
-0.508391, 2.07415, -2.12283
-0.628715, 4.37122, -3.77032
-3.52028, -0.641276, 3.25117
0.772846, -1.29655, -1.6126
1.91883, -1.13715, -3.72398
0.0113145, 1.37179, 5.46622
0.930167, 1.97594, 5.80897
-0.916636, -0.757117, 3.25509
0.173347, -0.726013, 1.03598
-1.22551, 0.0316483, 6.30245
1.41125, -0.796583, -6.91047
-0.719049, 2.3441, -5.72251
-1.74761, -0.783179, -7.00436
0.150982, 1.94015, -3.01686
1.01993, -0.198868, 2.92906
-0.714923, 0.210831, 4.64135
-1.80937, 0.988085, 3.79777
-4.68625, -1.82754, -8.70626
3.32728, -0.877887, -2.65677
-1.77593, -3.09657, 3.9096
0.89746, -0.339838, 4.41697
-0.214452, -2.67607, 3.38658
1.84801, -0.60548, 2.94347
-1.05159, 0.330181, 2.60072
-0.859003, 1.06916, -1.87421
0.240949, 0.705412, -1.9725
5.19843, 2.31687, 7.26328
-1.75224, 1.09234, -3.94029
-4.58636, -0.000523188, 7.98935
-2.62561, -0.757978, 2.36349
2.5295, -2.02793, -4.87144
-1.62025, -3.5316, 3.19765
3.825, 1.20842, 4.59685
-1.38805, -1.69076, -5.25159
0.670071, -2.28917, -4.22602
0.619512, 0.961569, -2.03205
0.93766, -0.943051, -2.9086
1.64755, -0.595161, -6.16889
1.17644, -1.86254, -1.0068
0.601436, -2.83013, -8.00108
1.04478, 0.134476, -6.84145
-1.87531, 0.209952, 2.19284
-1.48113, -4.3168, -3.07413
-2.27735, 2.48824, 10.042
-2.99614, -0.406501, 3.53546
1.23723, 0.0409806, -3.34446
-1.98626, -1.03281, 4.5981
-0.992178, 0.0390458, 4.17668
-2.42815, -1.06135, 4.6181
-0.226689, -1.52712, 6.79053
3.26147, 1.77828, -3.37712
0.97469, -1.18157, 3.62952
-0.191974, -2.27314, 7.20706
-1.33281, -4.863, 4.33881
-0.670487, -1.88853, -2.11097
-0.146256, 0.79328, 1.8839
-2.99794, -1.65409, -4.70131
-1.54558, -1.49076, 1.68503
1.3748, 0.702089, -1.9433
2.50656, 2.72913, 3.83163
-1.22507, 2.03782, 3.02548
0.267654, -1.63009, 4.79808
-2.4311, 1.44254, -3.53601
1.43489, -0.628293, 1.43807
0.181444, 1.27056, 2.67692
1.43821, -1.1236, 4.32335
-0.0324258, 1.46302, 5.61821
0.246583, 0.619094, 7.31676
-4.27753, -2.97861, -2.29069
-1.27841, -3.45552, -6.62603
-5.85826, 4.15434, -3.20744
-3.21877, -3.54904, 3.63082
-0.7623, -1.67897, 2.96786
-1.29794, -1.68774, -2.49614
0.394046, -0.663397, 1.08047
-1.97817, 1.45789, -6.03467
-4.68068, -1.20582, 4.85496
5.27629, -1.82946, -7.16545
-1.73166, 1.28026, -2.58435
-2.22854, -0.359842, -3.03409
-1.09506, 0.611678, -0.990708
-0.478056, 2.02099, -1.72734
1.48536, -7.11124, -14.0674
-1.521, 0.335914, 2.96906
-1.91374, 1.89701, 4.06432
7.45235, -3.53228, -5.66489
-3.48374, -0.115638, 2.72124
0.764772, 1.49558, 8.15786
-2.67758, -2.40648, 4.53139
0.439141, -4.48949, -2.92137
-0.137288, -1.73393, -7.84086
1.89966, 0.179067, -5.08943
2.52647, -0.0142444, 1.76487
-1.38279, 0.465244, 5.07594
-2.32261, -0.813024, -0.779405
1.17368, 0.130625, 2.17008
-2.23561, -1.43465, -3.66917
-1.08411, -0.956498, 0.675123
-1.51521, -1.03361, 7.38649
-0.672138, -2.05139, -3.30905
2.91061, 3.46319, 7.44901
3.02292, -0.594071, 4.13939
-0.676934, 5.69212, -7.43457
-4.83478, 8.24267, -7.86376
4.11312, -0.612809, -4.32016
0.414504, -1.77653, -4.48192
4.6797, 0.680285, -2.79081
-0.787273, 2.37136, 2.17737
-3.83909, 1.99682, -3.22704
-4.00608, 0.449138, 3.29523
-1.71713, -3.83694, -2.48988
0.679462, 0.915989, 2.44095
-0.607345, -0.54423, -1.90342
-3.35824, 0.854047, 3.38789
-1.471, 0.326245, 2.91288
1.4404, -2.275, 11.4968
-1.02841, 1.97732, 4.22016
1.50277, 1.81236, 4.00465
-0.663043, -2.95299, -5.79502
-2.4052, -1.49848, -3.68228
-4.69925, 1.89182, -2.69089
-0.361701, -0.242023, 4.58815
2.28985, 7.48635, -10.676
-3.56993, 0.989667, -5.38497
0.905033, -1.5777, -1.00109
1.91639, -1.52394, 9.36446
2.26679, 0.475656, 3.89631
1.19844, 1.15041, -1.92512
-0.987478, 1.69644, 2.69239
-1.22664, 0.633249, 3.30567
2.42036, -0.0273806, 4.10673
-0.757455, 1.80251, 6.18682
-1.75496, 0.274148, 2.31602
1.39377, 0.421289, -2.81905
1.51642, 2.56469, 3.02017
4.53219, 2.07163, -5.88267
2.66585, 1.22741, -1.39631
2.38478, -2.51329, -5.05541
-0.620496, -0.288826, -4.82299
2.12966, 2.18586, 4.59997
2.21697, 0.389339, 1.92994
0.29087, 3.51089, -4.63001
1.85887, 1.12532, -8.6348
-0.835239, -2.09941, 2.36748
-1.65669, -0.572026, 4.22387
3.73555, -4.21884, 9.20377
1.2803, 1.11113, -2.23454
-2.63177, 2.38622, 2.87734
-0.12048, 2.26507, -5.94649
1.16437, 1.17814, 2.80671
-0.719542, 0.00108472, 0.830788
-2.34878, -0.719194, -4.31793
2.24814, -2.40579, -0.766357
0.546054, -0.56983, 5.14155
2.34288, -1.99208, 1.15139
-6.38657, 6.57481, -5.18419
-3.53029, -5.26882, 5.27616
1.3969, 1.08213, 1.62276
0.814327, -1.85254, -3.01442
-1.26102, -3.07213, 3.21523
-0.485041, 1.34688, -2.69286
-7.77232, -1.72991, -10.5176
2.06136, -1.96753, -3.42301
1.16856, -0.152332, -4.33129
2.81924, 2.04379, 3.15699
1.84753, 0.873092, -1.8371
0.305073, -0.664859, 3.25891
1.4397, 1.47818, 3.7234
3.62254, 2.2169, -3.31514
-0.25269, 1.00907, -1.63447
3.2538, -0.847022, -2.54596
-0.511365, -1.28088, 3.14883
-1.47992, -1.07918, -0.909164
-0.10354, -2.82625, 4.52991
4.85712, 2.02967, -2.72655
0.680551, -0.763309, 3.28664
3.51103, -0.199647, 4.27024
-2.36847, 0.72012, -3.18042
-3.267, -3.80087, -4.07411
-3.69516, 1.96949, -6.38427
0.0594133, -1.09679, 2.60776
-0.668981, 0.291837, -2.1011
0.544265, 0.219161, -2.15174
1.4586, -0.564581, -4.8303
-4.10518, -0.354832, 1.52305
-0.949883, -1.36916, 6.39036
-1.42852, -4.89169, 4.49349
0.164606, 1.02621, 3.35819
-1.42816, 5.01413, -6.0241
0.86164, 1.35753, -0.876482
-0.324165, -1.49097, -1.96285
3.94782, 1.02113, 3.83098
0.527775, -0.473993, 2.66779
4.47741, 3.7695, -4.29007
-3.08168, 6.14992, -4.83505
-6.19754, 0.125964, -6.4673
2.97648, -7.58353, -9.31943
-4.51516, -2.50231, -5.05281
-0.739255, 0.353242, -0.811744
0.488389, 0.869146, -4.48086
1.06167, -1.70361, 4.07238
3.49105, 1.01466, 3.73024
-2.05396, 0.700557, -2.43574
2.09418, -1.48686, 3.17596
-1.30552, 2.55578, -5.98948
1.09397, 0.706633, -2.85269
-1.4067, 1.40516, -3.53467
0.484294, 1.20406, -6.3519
0.381016, -1.33316, 3.72698
-2.08517, 0.0820749, -4.23868
-3.66086, -1.82092, 9.84443
-0.708368, 1.2974, -1.29436
0.504904, -2.07812, 8.33172
1.81374, 3.4064, 6.26404
1.77136, 0.166132, 2.32264
9.09285, 2.26528, 4.97582
5.31803, -3.15291, -5.11725
-2.76575, 1.36457, 3.44919
-2.52836, -0.52991, -12.3517
0.320271, -3.04768, -1.5914
5.80988, 2.62887, 4.18418
-0.607251, 0.283484, 1.95428
-1.74713, -0.899014, 4.55715
-0.210745, -2.93256, -1.43755
0.63787, 1.77837, 4.07444
0.652157, -6.28431, 6.74037
-1.14353, -2.13768, 3.20019
-2.11219, -2.7795, -5.01007
2.09256, -2.49699, 4.76113
3.31748, 0.135593, -2.99605
-1.27634, 0.18869, -4.41821
-1.79855, -3.34104, -6.58634
1.37534, -0.316757, -1.51539
3.53934, -2.78793, 2.38801
2.24328, -4.36848, 3.34082
1.6721, 3.51024, 6.74387
-2.35546, -0.0910293, -0.874631
-2.36335, -0.782939, -5.992
0.655529, -2.1619, 2.25787
-5.19025, 1.44623, 3.05533
-1.21228, 1.20652, -4.13366
0.774558, 2.38828, -3.03809
0.0834396, -2.11351, -1.12327
-2.79419, -0.361488, -4.49231
0.0204291, -0.806183, -4.7073
2.773, -0.598454, -3.25965
1.06752, -3.07867, 4.44103
0.726592, 1.08867, 3.4169
-3.01659, 1.19234, -1.09498
-0.698043, -2.05126, 6.12509
0.43401, -0.534997, 4.5753
-0.865374, -1.13048, 2.59741
-0.167829, 1.08027, -4.02347
0.691693, -1.24019, -5.11117
1.06001, 2.27149, -6.02493
1.37588, -1.57849, 4.61541
2.66491, 1.28684, -3.72223
4.06369, 1.67977, 4.14238
-1.09392, 2.98889, -2.15261
-0.0327494, -0.0882908, 4.00249
-3.10108, -0.756209, -3.67852
4.19854, 4.73455, 1.78605
2.78754, -3.17596, -3.01945
4.37204, 1.77615, -2.27289
3.81065, 0.979785, 1.71407
-1.17979, 1.52047, 2.40657
2.27154, 0.0717769, 2.8512
-1.52387, 1.56734, -2.14376
3.45229, -2.45733, -3.8616
1.44399, -0.470903, 0.95941
1.86115, 0.715811, -3.84228
-4.71062, -2.71529, 2.25971
-4.14614, -1.73668, -2.14481
0.873688, 0.00457248, -2.80186
-2.6445, -2.45662, 0.717496
-0.0219569, -2.07041, 3.57064
-0.901169, -0.412836, -1.87769
-0.693589, -1.79046, 5.82962
1.50392, 0.691545, 4.15414
1.27258, -3.00263, 2.53889
-2.61917, 3.4784, 4.47464
2.96346, 2.25229, 1.63514
-3.90894, -1.01119, -6.79576
1.85922, 2.59379, -2.08318
1.30897, -2.10529, -6.97397
-1.31696, -0.744909, -4.68482
0.900646, -2.6991, -3.131
1.96361, -1.01472, 0.908185
4.40109, 0.942762, -4.04998
-1.59667, 2.16164, -4.24447
-3.79552, 1.31997, 6.24399
-1.62383, 2.40259, -4.7101
-0.494136, -1.88277, -2.1822
3.25763, -3.74828, -3.77778
-1.65103, 3.27913, -5.18241
2.68024, -5.27138, 5.60883
0.92465, 0.753696, -7.82998
1.21595, -3.80548, 2.69688
1.64236, -0.0869137, 2.1441
-0.74091, -1.70226, -2.37331
-3.25706, 1.46531, 5.58175
5.21901, 1.96316, 2.66379
1.14709, -0.190941, -2.26192
3.78342, -2.2448, 4.43117
1.5685, -1.69671, 2.01543
-0.877903, 2.614, -1.46591
-0.0737682, -1.74235, -3.58297
-1.02352, -0.0975457, 1.37422
0.560642, -1.45677, -4.21559
0.184877, 0.601032, -2.7231
0.525947, 2.73197, -2.95759
0.306252, -1.09648, -2.28672
-0.98006, 1.21515, -5.00973
0.948567, 1.75947, 4.99543
-3.5474, -5.55969, -3.71471
-0.504493, -2.17495, 2.83943
-1.71737, -2.64085, -5.91523
-2.78542, -1.39347, -2.27297
-0.722537, -0.662447, -1.04927
0.520852, -0.202325, 0.63093
1.8207, -1.0452, 2.8733
0.222094, -3.72363, 5.33606
2.84683, -5.27388, 4.47107
-0.432426, 0.428918, 2.49273
2.8826, -1.30155, -6.65396
-0.812442, 0.0897587, -0.618442
0.335827, 1.71, -4.33647
0.554509, 0.256776, 2.95793
-3.95304, 0.783049, -4.93428
-3.14844, 0.352596, 2.62105
-0.401857, 0.350244, -1.36142
-1.53845, -0.489824, 1.82821
4.33797, -0.734036, 7.97789
2.47201, 6.24487, 2.31624
1.27839, -2.6014, 2.07099
6.83055, 0.103491, -2.56186
2.87021, -3.58824, 3.06475
-1.04585, -0.0926056, 2.08727
0.432173, -1.36114, 3.12171
7.32365, -5.12206, -5.90082
-1.55828, 1.94098, 0.849371
0.422846, 0.12838, 1.79917
-1.90939, -2.51568, 1.94202
-0.920964, 0.670815, -2.19782
1.22097, -5.82279, -5.47709
3.48327, -3.46675, -4.02858
-1.34117, 0.63434, -4.51151
-1.15823, 0.812585, 2.92765
0.768013, -1.75224, -1.09883
0.797972, 0.375396, -2.25498
2.27457, -3.03683, 1.77582
-1.51367, 0.267156, 5.43529
-2.26073, 1.00996, 5.10732
-0.692215, 0.214635, -5.5048
-2.568, -4.62211, 2.07786
1.87536, 0.864078, -3.68011
0.0575488, -2.48019, 6.26137
-1.92024, 0.868496, -3.14925
1.78688, 4.78579, 3.02255
-0.0363774, 3.12647, 2.17047
0.58766, 3.88876, -1.32414
-0.358078, -2.306, -1.12533
-5.44586, 1.64639, 4.28696
-1.45876, -2.50831, 3.28629
2.9839, -0.263684, 4.93658
-1.04363, 0.80162, 3.306
1.85625, -5.38843, 2.63489
-0.423993, -0.191311, -1.79786
3.37045, 1.45102, -4.06536
-1.85804, -4.00889, 4.00335
3.74977, 0.471969, -3.29251
-0.935627, -3.05017, 3.34985
1.37725, -1.30686, 3.02802
1.27554, 2.14364, -1.8051
-1.26478, -2.90425, 2.12381
-0.542419, 2.09651, 1.62979
-2.37494, 0.307406, -2.78463
0.418599, -1.70567, -1.98272
-1.17429, -0.343834, 3.58579
1.44423, 1.35074, 1.49904
0.109199, 0.967953, 8.10058
1.56173, -1.16196, -2.05173
4.40179, 0.485487, -5.01748
-2.02883, 0.0544152, -7.20119
-0.665717, -2.40045, -4.43946
-0.857943, 0.00833639, -4.22669
0.460634, -0.320968, 2.12469
2.8009, 0.854037, 5.3999
3.07086, -1.58633, -2.20099
-0.672046, -2.40745, 3.20923
-0.429845, -0.275119, 0.429002
-2.61631, -1.63528, -2.76525
0.879937, -0.415779, 1.77374
-0.152107, 0.857388, -2.36707
1.51622, 2.36877, -0.62004
3.53795, 4.63379, -7.71493
0.21847, 2.41169, 0.647446
0.029019, -0.241313, 3.11824
0.265135, 0.309795, -3.24239
-1.45217, 2.51578, -5.26143
-3.87752, 2.02731, 5.29295
-4.75827, -5.14936, 11.6192
1.54706, 4.28083, 2.90702
-0.54784, -1.2413, -2.6788
1.14014, 0.763727, -6.39997
-1.11323, 3.42368, 8.38567
0.38445, 2.20837, 4.43406
-0.608836, 5.32022, 3.43193
9.72379, 7.87108, -5.63962
-1.9156, 2.58345, -3.13229
1.41504, 0.871063, -2.7682
-2.8871, -0.640508, 4.64875
-1.07867, 2.90852, 3.95454
-1.68635, -1.09995, 2.99078
-3.54873, -3.47028, -3.81526
1.72958, 1.99205, -2.01892
-2.16891, 1.07299, 4.18136
-1.38301, 2.7734, 1.94432
-6.04347, 3.96881, -2.16258
-0.0693529, -1.76678, -8.47501
-0.657007, -0.413109, -2.21025
-5.13684, -1.39147, -1.69153
-0.957854, -0.999371, -5.89604
-2.52882, -4.20452, -5.21199
2.81408, -1.6887, 5.00678
-2.72367, -0.0635274, -2.2218
-1.16427, -4.09603, -3.89869
0.298393, -0.28003, 6.28157
5.00203, 0.571377, -8.96532
-0.0300963, -2.42517, 2.3839
-3.88696, -3.43077, -8.37163
1.64908, -0.266014, 2.92029
0.0319595, -4.13297, -7.54752
-1.55364, -1.00935, 1.77643
0.0888437, -3.15133, -6.69447
0.501659, -0.930811, -0.990575
-2.52542, -4.74685, 4.26504
3.55063, -5.55055, 6.69064
0.0770435, -1.94539, 3.01082
3.49373, -2.81295, 4.66357
-1.94932, -1.15325, 2.54767
1.66155, -1.3631, -4.20037
-0.984026, 4.79633, -4.47836
2.64937, 8.0419, 3.06481
-2.87494, -0.415211, 3.11585
-3.58332, -0.0525138, -4.1059
1.80664, -1.95332, 6.63847
3.60172, 2.90728, -2.27612
0.479182, 0.208052, -4.19974
1.64403, 3.42291, 6.93346
5.06395, 1.67168, -5.43373
-0.788142, -0.346402, 8.14027
0.784852, -2.42981, -2.24842
0.978385, -1.30216, 3.64231
-6.94364, 0.570182, -4.7979
0.40985, 0.582902, 2.85877
4.7554, 2.36896, 2.43683
-1.40724, -2.9548, -1.64964
-0.425864, -0.84243, 1.7068
1.73943, 2.43656, -1.57031
-1.49804, -0.533969, 5.05857
2.35737, -2.49198, 3.60453
-5.52579, -0.443308, -3.72641
5.26038, 0.142478, -2.79038
-2.10828, 2.49579, 3.84121
3.39363, 1.05009, 3.55843
0.495578, -2.92702, 6.00146
-0.807905, 0.29475, -2.14308
-1.1199, -3.24281, 3.10456
0.523729, -1.49726, 5.86949
-3.12778, 5.89717, 1.77649
-1.17437, -0.545661, -5.21195
-3.11956, -4.65782, 5.62006
0.122981, 2.82215, 1.20042
-1.41289, -1.29883, -4.2623
5.39969, 0.202846, 5.23702
-0.107127, -1.75529, -2.25281
0.655673, 3.46403, -2.8589
-2.03612, 3.98883, -4.35617
0.549468, 2.7208, -5.66963
-0.950372, -1.11149, 1.34877
-0.125702, 1.77416, -3.88044
0.616894, 1.62647, -4.42958
0.0996093, 1.50844, -3.14592
-4.00464, -0.33062, -4.98544
-0.08354, -0.922392, 1.6166
0.532702, 1.83737, -4.86518
-5.02415, -1.43448, 1.30275
-2.58458, -2.22761, -0.959122
1.65067, 0.34149, 1.58442
-2.23912, -4.06766, -1.43683
0.349574, -0.195023, -2.18711
0.896513, -1.03757, 6.07945
0.056964, -1.5151, -0.827548
1.17323, -1.57174, 7.14322
0.148402, -0.844339, 1.11184
-1.08667, -0.588269, -0.917281
-0.955988, -2.66253, -2.44119
9.72242, -0.0201148, 3.81594
-0.368016, 1.02849, 3.55926
-0.15225, -0.488008, 5.25699
0.963775, 1.91354, -2.67594
1.02972, -1.97312, 4.47545
1.03036, -1.15314, 3.90714
-1.74168, -0.496457, 1.55174
0.927359, 1.57185, -2.69948
-0.401786, 0.459215, -2.03064
0.3464, 0.543576, -0.701115
3.83845, -0.576303, -4.96758
-0.130638, -1.91612, 1.17227
2.93898, 2.77917, 8.74339
1.11023, -0.14304, -4.65992
-0.719734, -5.57307, 5.28701
-0.632029, 2.33048, 3.62773
1.44237, -0.724974, -4.99457
5.15531, -5.47955, 0.597578
-1.74506, -1.09986, 5.80743
-0.244805, 1.20863, 0.652821
-0.519935, 0.62473, -2.15872
-6.34283, 1.933, 5.32086
2.25848, -1.97849, 1.0951
1.52492, -0.130976, 3.17777
-1.99589, 0.260566, 4.69503
2.90509, 7.61676, 9.31676
0.87021, -0.315651, -3.195
1.4572, -1.45985, -4.47696
-0.313663, 0.130253, 0.766553
-0.50826, -0.625678, 0.952757
2.94277, 2.95305, -4.24637
0.911654, -3.43633, -3.25387
-2.08606, -4.07927, 2.80009
-1.40607, 1.02646, 0.992624
-1.88899, -1.05509, 4.79886
0.505524, -1.55794, 8.06744
-2.38018, 3.58018, -5.10457
-0.91413, -1.68468, -2.85197
-0.645346, 1.83401, -1.15265
1.1194, 6.25813, 3.69016
-1.62569, -3.10608, -2.556
2.16834, 5.418, 4.02749
-1.32648, 0.142172, 4.48198
-4.83313, 1.06861, 1.96572
2.12025, -0.52661, -1.3962
2.49112, -3.05663, -2.01479
0.21541, -2.11582, -1.69941
-1.98312, -0.52414, 2.30792
-1.80348, -1.45774, 5.58182
-0.0625351, -0.730653, -3.98425
-0.0797186, 2.79959, -1.70857
0.263474, 3.05114, -0.50913
1.70592, -0.0231378, -2.5659
-5.32021, -3.01893, -4.7857
1.20687, 1.17019, 2.66595
-0.627532, -0.466859, -1.3665
-3.86982, -0.173276, -3.43599
-1.89984, 3.80226, -3.38337
2.82677, -4.64341, 1.81798
0.938231, -1.25492, 3.54467
1.25943, 0.436532, 4.44118
0.298462, -0.0448739, 2.3434
-2.7159, -5.61178, -1.74403
2.74952, 0.642736, 3.05479
-2.88254, 4.97445, -8.98552
0.841629, -2.69705, 4.78096
1.78511, 0.770973, -3.01798
3.31624, 0.575109, 1.10879
-2.39142, 1.82261, 4.99256
-0.146847, 2.25837, -5.11232
2.87147, 0.386097, 0.805578
-0.488049, 0.76812, 2.62898
-1.57745, 4.42209, 4.46983
-1.75718, 0.503622, 2.6649
-1.13749, 4.01229, -5.60803
-0.74591, -0.67658, 5.33967
-2.31772, -7.76676, 6.18692
2.80612, -0.61016, 5.07624
-0.191286, -1.23625, 4.85231
-1.00884, -6.1258, -1.83866
4.25426, 1.85634, -1.98964
-1.17782, -0.734269, 5.56127
-1.49518, 0.535789, -6.36208
-0.895207, 0.149464, 0.958102
3.31789, -2.86842, 3.4291
-2.04829, 3.2483, 4.57837
0.256627, 2.14414, -4.20614
-2.5458, 2.25131, 2.31946
5.38085, 1.85506, 6.10847
1.873, 0.120765, -3.06306
1.25044, -1.6246, -6.21774
0.295739, -3.52584, 1.31352
1.53763, -1.01855, -2.26999
0.607521, 1.95931, -8.47547
1.73647, 4.3059, 1.17619
1.0222, -1.39661, 3.07742
2.17839, 2.24813, 1.76061
-2.57461, -0.656241, -5.29795
1.96757, 2.39475, -3.6877
1.79752, -0.98418, 2.86022
-0.69623, 0.479987, -2.10435
-2.61876, 2.73167, 1.1471
2.48486, -0.705194, -1.02735
-1.82861, -1.65939, -5.11907
-1.64351, 1.41703, -2.25725
1.58948, 0.797606, -0.741949
0.148359, -1.02415, 4.128
6.16961, -6.18621, 4.72394
-1.90914, 1.10323, 4.27085
2.49081, -2.15032, 6.37558
-2.21166, -0.62532, 5.92343
0.949031, -1.81718, 3.9092
0.607133, -3.67953, 4.18431
0.749242, 2.86889, 3.92159
1.39946, 2.22744, 5.40655
0.114436, 2.45753, -4.33172
-1.63523, 0.227326, -3.33572
-1.45028, 1.02855, 1.25616
-0.393518, 0.829136, -2.94821
-3.57387, 0.46302, -5.48162
-0.890534, -0.540897, -2.49386
-1.28437, 0.208532, -4.2216
-3.15531, -2.89174, 7.1744
-2.29179, -0.14634, -2.6122
2.50086, 1.06621, -3.02275
-0.250708, 0.226156, -0.89154
2.00634, 2.84184, 3.53354
2.23679, -1.92623, 2.43878
2.56989, -0.661683, 3.7949
0.333427, -0.399822, -3.22846
-1.95691, 5.15952, 3.13927
-3.14847, -0.456636, -1.15691
-0.0906955, 0.174466, 1.52224
0.201889, -0.170787, 4.5165
1.37025, -1.01365, -2.82016
-2.0047, -0.572247, -2.55039
2.75525, 2.00646, 5.40872
-0.00633293, 2.54394, -5.33395
-3.49805, -1.95806, -6.54774
1.72954, 0.846789, -4.69726
3.55981, 2.26487, 4.70016
-4.92658, 1.96046, 5.07524
0.958344, -2.26675, 3.21053
1.26596, -5.96799, -7.30734
-1.97031, -1.84522, -2.53891
3.13433, 0.2733, 6.67434
0.272509, 1.02436, -2.82584
-1.32088, -0.804054, -7.52162
2.14117, 2.80066, -2.84865
-5.84131, 4.12787, -3.87885
-1.73835, 3.23831, -4.85441
-5.53852, 0.327202, 4.48473
3.49445, -6.03176, 3.28141
3.54013, -0.277756, -4.16327
-2.56477, -1.32896, -2.81701
1.73431, 1.96693, -3.1897
-2.48174, 1.71144, -2.4483
-3.366, 5.45732, -3.60046
-0.307918, 1.57907, 2.51192
-2.03428, 2.44041, -6.27957
4.99036, -3.85936, -2.15739
-6.95374, -3.92768, -3.61043
-0.774721, -2.98242, -5.43359
-2.89278, -2.06424, -6.52679
-0.574543, -1.02382, -4.14302
-1.48877, -5.09365, -6.21817
2.00552, 1.35938, 5.09709
-0.417044, -0.511702, 2.37216
2.23771, -2.45749, 1.25788
-0.52705, -0.533645, 4.42172
0.154183, -0.598151, -1.69259
1.67918, 4.12195, -3.88327
5.77656, 2.77063, 2.96021
1.53161, 0.133892, 1.66569
2.8071, -6.55718, 5.55186
1.94024, -4.91925, 5.53064
1.54826, -5.12006, 3.64645
1.02624, 1.82745, 2.27339
-2.68173, 2.17203, -3.61059
0.401931, -1.49522, 5.38225
3.02588, -1.98205, -3.40789
-2.7885, 1.24058, 4.43499
2.46466, 3.30945, 4.55537
0.3255, 1.05522, -5.25167
1.86629, -2.08932, -2.92998
-0.854019, 1.82588, 3.24121
-2.11737, -0.316282, 1.01794
-1.92114, 1.62659, -0.900915
0.663608, -4.54811, -7.0952
