14.1099
14.074
14.074
14.074
13.4891
12.4363
12.4441
11.8362
12.2419
13.3152
13.7011
13.7011
13.7011
13.7011
14.7432
13.7453
13.7453
13.8277
13.2327
12.6995
11.9639
11.3781
11.3693
11.3693
11.3693
10.9204
12.083
12.9278
12.3791
12.3791
11.6539
11.2637
9.89933
9.89933
10.1384
9.6832
10.0075
8.55123
8.12815
8.12815
8.12815
8.07834
8.07834
8.07834
6.88686
6.87431
6.87431
6.87431
6.87431
6.94436
7.12407
6.26002
5.5849
5.64911
5.18249
4.34189
3.31897
2.30129
2.30129
2.30129
2.30129
2.30129
1.95615
1.80814
2.0168
2.0168
1.61788
1.61355
1.06482
1.49789
1.49789
1.14136
1.144
0.743357
1.28206
1.28206
1.28206
1.77435
1.77435
0.775491
0.842233
0.842233
0.842233
0.842233
0.842233
0.839668
0.839668
0.839668
0.839668
1.01242
1.01242
0.921393
0.921393
1.69802
1.69802
1.69802
1.65559
1.70814
1.70814
1.35737
1.35737
1.35737
1.35737
1.76778
1.76778
1.76778
2.48858
2.48858
2.47395
1.82727
0.962349
0.962349
0.962349
0.962349
1.21392
1.21392
1.21392
0.702846
1.34006
1.41446
0.671141
0.671141
0.816716
0.816716
0.816716
0.126519
0.126519
0.126519
0.126519
0.126519
0.126519
0.126519
0.617723
0.617723
0.617723
0.617723
0.617723
1.6763
2.25806
2.4226
2.4226
1.3477
1.12954
1.12954
0.94017
1.67682
1.67682
1.76189
1.73457
1.0041
0.812237
1.05754
1.05754
1.05754
1.05754
1.05754
0.986792
0.720126
0.720126
0.539688
0.539688
0.539688
0.539688
0.539688
0.539688
0.539688
0.539688
0.539688
1.9253
2.07152
2.07152
3.2155
2.74643
2.74643
2.13989
2.28875
2.11251
1.71141
1.71141
1.71141
2.24056
2.24056
1.36446
1.36446
1.36446
1.21786
1.47109
1.47109
1.10733
1.10733
1.75504
1.43569
1.43569
1.80505
1.80505
1.80505
1.80505
1.59463
1.08127
0.731583
0.45164
0.462456
0.462456
0.462456
1.00761
0.891252
0.891252
0.891252
0.933523
0.933523
1.99136
1.99136
1.55616
1.63857
1.63857
1.63857
2.11287
2.11287
2.11287
2.25784
2.25784
1.54856
1.30196
1.30196
0.955771
0.955771
0.955771
0.955771
0.936888
0.936888
0.936888
0.936888
0.946897
0.780168
1.1854
1.1854
1.1854
1.1854
1.24847
0.724018
0.724018
1.4564
1.41533
1.41533
2.47256
2.70971
2.62901
1.93916
1.93916
