15
14.8674
14.5152
14.756
15.017
15.017
15.1284
15.1284
15.1284
15.5881
15.5881
15.5881
15.5881
15.1279
15.1279
15.2654
15.2654
14.1459
14.1459
13.7809
14.0115
14.0115
13.918
14.2606
14.2606
14.2606
14.1274
14.1274
14.1274
14.3018
14.7387
15.4781
15.7543
16.2185
16.2185
16.2185
15.8028
14.9306
14.2792
14.7583
15.7913
15.6199
14.5485
14.5485
14.2046
14.2046
14.7507
14.485
14.8097
14.8097
14.8097
14.8097
14.0732
14.0732
15.1789
14.4348
14.4348
14.2587
13.5143
13.2553
13.2553
13.765
13.5019
13.3402
12.2788
11.8618
11.2166
11.2166
12.0689
12.0689
12.0689
12.1813
12.1813
12.1622
12.1622
12.1622
12.1164
12.1423
11.4897
11.4897
10.9511
10.1712
9.34187
9.08347
8.45242
8.45242
8.52785
7.43899
7.43899
7.23368
6.04438
6.44946
5.32576
4.92431
4.92431
4.94859
5.21395
5.21395
5.21395
5.21395
5.21395
4.88527
4.37482
4.37482
4.28792
2.28391
2.45921
2.9749
2.37636
2.74929
2.74929
1.97581
2.3008
2.3008
2.18981
2.18981
2.18981
2.84046
2.84046
2.16634
2.10512
2.21229
2.13416
2.13416
2.13416
1.4196
2.31086
1.28534
1.28534
0.945837
0.945837
0.945837
1.83245
1.83245
1.83245
0.899512
0.899512
0.899512
0.899512
0.899512
0.899512
0.899512
1.09239
1.37477
1.01648
1.01648
1.01648
0.899593
0.899593
0.899593
0.899593
0.899593
1.1446
1.26024
0.475115
0.475115
0.475115
0.618713
0.737468
0.737468
0.737468
0.909048
0.909048
0.909048
0.909048
0.909048
1.17212
1.42884
2.98146
2.98146
2.73153
2.73153
2.36207
2.17033
2.17033
0.719473
0.719473
0.741477
0.741477
1.53705
0.822588
0.822588
0.822588
0.822588
1.23323
1.23323
1.23323
1.49593
1.49593
1.49593
1.47828
1.17257
1.17257
1.45775
1.82042
1.22675
1.74969
1.74969
1.80481
1.54232
2.81525
3.01271
3.59795
4.21336
3.09324
2.53315
2.53315
2.53315
2.53315
2.2163
2.2163
1.24422
1.24422
1.24422
1.21117
0.687543
1.77854
1.95489
1.95489
3.2122
2.00913
2.00913
2.00913
0.715141
0.715141
0.715141
0.715141
0.715141
1.13164
1.62581
1.62581
0.871895
1.02783
1.02783
1.02783
1.02783
1.09473
1.42321
1.42321
1.42321
1.5976
1.85025
1.23961
1.23961
0.875556
1.1015
1.0748
0.823334
0.823334
