15.6405
15.6621
15.2028
16.5864
18.2212
18.2212
17.9233
17.9233
17.9233
19.3511
19.3511
19.3511
19.3511
19.0463
18.08
18.4122
18.4122
15.4027
15.4027
14.5634
15.6818
15.6818
14.6855
16.1627
16.1627
16.1627
15.2681
15.2681
15.2681
15.6776
17.2549
18.8884
19.6363
20.7498
20.7498
20.7498
20.1614
18.1686
17.1784
18.4067
18.4067
18.468
16.6656
16.8053
16.4872
16.4872
18.05
17.2209
17.8972
17.8972
18.0749
18.0749
16.1806
16.1806
16.1806
15.653
15.653
15.021
14.2927
13.9579
13.9579
15.5971
15.139
14.9331
12.954
12.7613
12.4967
12.4967
12.4967
12.4967
12.4967
12.4995
12.4995
11.1373
11.1373
11.1373
9.99073
9.34338
7.3126
7.3126
7.3126
6.39776
3.47084
4.38264
4.38264
4.38264
5.29685
6.82574
6.82574
6.82574
5.9928
5.08296
5.08296
5.08296
3.57873
3.57873
3.57873
3.57873
3.29123
3.29123
3.29123
4.52591
5.56178
5.19381
5.19381
5.19381
2.82256
3.02571
3.80608
1.82268
2.41118
2.41118
2.74518
3.5849
3.71627
5.74184
5.53317
7.05643
7.05643
5.01415
3.86498
4.46536
4.46536
4.96775
4.96775
3.27358
5.50318
5.50318
5.82699
4.40631
4.40631
4.40631
7.88424
7.88424
7.88424
5.47495
5.47495
5.47495
5.47495
5.47495
5.47495
4.17622
5.50377
5.50377
5.57231
5.57231
5.57231
5.43829
6.24677
