12.9624
12.9587
12.9587
12.9587
12.9587
10.0371
10.0991
8.52315
9.37545
12.0774
12.0774
13.485
15.0071
15.0071
17.0894
14.1793
14.1793
14.3463
13.8079
12.2716
9.79428
8.87648
9.16308
9.16308
8.70548
8.34527
11.3517
13.5242
12.8242
12.8242
10.6698
10.9641
6.94811
6.94811
9.68247
9.68247
9.37767
4.89174
4.89174
4.89174
6.05076
6.06817
6.06817
6.06817
5.05973
5.05973
5.05973
6.72072
6.72072
6.88246
7.91024
7.82398
8.6954
8.90982
10.8432
9.77704
9.77704
9.90767
9.90767
9.90767
9.90767
9.90767
7.97383
9.62857
9.62857
10.7215
10.7215
10.5996
10.5996
10.5996
10.5996
7.66652
7.80506
8.10105
8.10105
8.10105
8.10105
7.15418
5.68202
5.06303
5.37388
5.37388
5.37388
5.37388
5.37388
3.30726
3.30726
1.2733
1.2733
1.2733
3.75562
2.69542
2.69542
3.667
3.667
3.667
3.3202
3.27768
3.27768
3.27768
6.06977
6.06977
4.52899
5.35322
6.62011
6.62011
7.20404
7.20404
6.34782
3.57648
3.08
3.08
3.08
3.08
3.83378
3.83378
3.83378
5.23913
6.04438
6.04438
3.66278
3.66278
1.52208
1.52208
1.52208
2.7642
2.7642
2.27781
2.27781
4.8802
5.63976
4.38859
4.38859
1.36113
3.07778
5.67698
5.42919
6.95912
5.41463
5.8902
5.8902
3.84113
3.84113
3.84113
3.3916
4.691
4.691
5.19077
5.19077
4.16568
4.94352
3.9747
5.0646
5.0646
5.0646
5.0646
5.13466
4.75532
5.06748
2.88557
2.88557
2.88557
2.88557
2.88557
2.88557
2.88557
1.48213
1.48213
3.54032
5.11425
5.11425
8.36346
6.95351
6.95351
6.19661
6.24061
6.24061
7.97223
7.97223
7.97223
7.97223
7.97223
5.41223
5.41223
5.41223
5.68199
3.77563
3.77563
1.77087
2.17903
3.57635
3.57635
3.57635
3.57635
3.57635
3.57635
3.57635
2.48287
2.48287
2.48287
2.48287
2.48287
2.48287
2.48287
2.48287
3.1157
3.1157
3.1157
3.1157
3.1157
5.55663
5.55663
4.81939
4.79617
4.79617
4.79617
5.92403
5.92403
5.92403
5.92403
5.92403
3.67617
1.40989
1.40989
1.40989
1.40989
1.40989
1.40989
1.40989
1.40989
1.40989
4.98366
4.98366
5.67383
5.43595
5.88609
4.38572
4.38572
6.11021
4.45721
4.45721
4.45721
4.45721
4.45721
6.10662
6.10662
4.89789
4.40427
4.40427
