0.793271
0.770445
0.732688
0.681657
0.619519
0.549364
0.475208
0.401784
0.33416
0.277106
0.234349
0.207901
0.197782
0.202139
0.217749
0.240718
0.267118
0.293482
0.317096
0.336085
0.349423
0.356856
0.358745
0.355925
0.349591
0.341138
0.332052
0.323805
0.31776
0.315109
0.316769
0.323349
0.335017
0.351471
0.371895
0.394992
0.419177
0.44268
0.46384
0.48125
0.493911
0.501256
0.50324
0.500229
0.492994
0.482585
0.470148
0.456828
0.44365
0.431347
0.420387
0.410982
0.403159
0.396833
0.3919
0.388327
0.386129
0.385406
0.386283
0.388823
0.39297
0.398528
0.405119
0.412228
0.419248
0.425622
0.430934
0.43495
0.437589
0.438917
0.439073
0.438192
0.436445
0.433981
0.430959
0.427526
0.423889
0.420237
0.416732
0.413583
0.410977
0.409026
0.407868
0.407572
0.408184
0.409589
0.41149
0.41337
0.414607
0.41455
0.412668
0.408665
0.402604
0.394912
0.386299
0.377722
0.37013
0.364314
0.360779
0.359647
0.360726
0.36357
0.367557
0.371995
0.376218
0.379616
0.381698
0.382113
0.380786
0.377904
0.373952
0.369667
0.365977
0.363862
0.364211
0.367686
0.374553
0.384688
0.397569
0.412375
0.428098
0.443656
0.458037
0.470307
0.479772
0.485941
0.488516
0.487479
0.483047
0.475618
0.465818
0.454413
0.442314
0.430476
0.419847
0.411289
0.405426
0.402568
0.402505
0.404502
0.407538
0.410551
0.412778
0.413752
0.413315
0.411559
0.408631
0.404725
0.400067
0.394891
0.389496
0.384233
0.379496
0.375688
0.373181
0.372306
0.373329
0.376423
0.381594
0.388554
0.396648
0.404885
0.412139
0.417409
0.420034
0.419822
0.417088
0.412531
0.406994
0.401276
0.395937
0.391259
0.387384
0.384408
0.382557
0.382204
0.383759
0.387494
0.393385
0.401161
0.410336
0.420256
0.430259
0.439667
0.447812
0.454174
0.458284
0.459833
0.458716
0.455026
0.44907
0.441373
0.432619
0.423571
0.415064
0.407885
0.40264
0.399691
0.399078
0.400554
0.403633
0.407667
0.411997
0.416084
0.419498
0.421977
0.423393
0.423773
0.423233
0.421939
0.420149
0.418076
0.415824
0.413423
0.41079
0.407869
0.404654
0.401203
0.397666
0.394233
0.391067
0.388304
0.386054
0.3844
0.38339
0.383093
0.383588
0.384929
0.387165
0.390301
0.394184
0.39854
0.402977
0.406967
0.409979
0.411597
0.41156
0.409869
0.406785
0.40274
0.398269
0.39382
0.389752
0.386256
0.383352
0.380968
0.379042
0.377582
0.376657
0.376395
0.376905
0.378236
0.380328
0.383005
0.38608
0.389368
0.392758
0.396279
0.400068
0.404245
0.408888
0.414004
0.419541
0.425436
0.431668
0.438177
0.44484
0.451441
0.45764
0.46301
0.467154
0.469716
0.470452
0.469299
0.466303
0.461635
0.45555
0.448309
0.440146
0.431284
0.422005
0.412614
0.403462
0.394954
0.387568
0.381793
0.378084
0.376742
0.377821
0.381044
0.385793
0.391148
0.396079
0.39959
0.400936
0.399769
0.396216
0.390893
0.384812
0.379228
0.375389
0.374317
0.376617
0.382381
0.391242
0.402432
0.414901
0.427483
0.439025
0.44853
0.455209
0.458557
0.458318
0.454504
0.44732
0.437191
0.424756
0.410895
0.396658
0.383235
0.371779
0.36329
0.358465
0.357524
0.360223
0.366015
0.374127
0.383723
0.394004
0.404242
0.413771
0.421972
0.428317
0.432487
0.43441
0.434256
0.432414
0.429398
0.425733
0.421929
0.418421
0.415509
0.413377
0.412107
0.41169
0.412053
0.413121
0.414791
0.416953
0.419463
0.422112
0.424633
0.426718
0.428024
0.428322
0.427517
0.425665
0.422888
0.419339
0.415065
0.410044
0.404245
0.397706
0.390627
0.383379
0.37656
0.370891
0.367076
0.36566
0.366901
0.370705
0.376705
0.384315
0.392873
0.401733
0.410324
0.418164
0.424859
0.430066
0.433544
0.435143
0.434807
0.432593
0.42866
0.423343
0.417119
0.410585
0.404455
0.399489
0.396326
0.395377
0.396738
0.400083
0.40476
0.409961
0.414908
0.419005
0.421887
0.42351
0.424022
0.42371
0.422899
0.421861
0.420773
0.419749
0.418733
0.41753
0.415901
0.413582
0.410312
0.405972
0.400684
0.3949
0.38935
0.385021
0.383007
0.384125
0.388719
0.396498
0.406575
0.417704
0.428594
0.438192
0.44576
0.450891
0.453491
0.453625
0.451485
0.447335
0.441456
0.434115
0.425605
0.416186
0.406187
0.39599
0.386059
0.376989
0.369445
0.364124
0.361686
0.362591
0.366954
0.374439
0.384257
0.395245
0.40608
0.415526
0.422586
0.426699
0.427781
0.426184
0.422606
0.418009
0.413336
0.409362
0.406545
0.405074
0.404956
0.406162
0.408637
0.412215
0.416421
0.420411
0.423098
0.423532
0.42113
0.415815
0.408012
0.398621
0.388806
0.379872
0.373023
0.369102
0.368496
0.371142
0.376608
0.384231
0.393212
0.402794
0.412214
0.420815
0.428075
0.433669
0.437495
0.439668
0.440462
0.440277
0.439492
0.43844
0.437343
0.436374
0.435624
0.435076
0.434675
0.434266
0.433621
0.432561
0.430921
0.428646
0.425812
0.422506
0.418866
0.415094
0.411426
0.408188
0.405689
0.404208
0.403886
0.404574
0.405909
0.407338
0.408318
0.408433
0.407442
0.405263
0.401971
0.397688
0.392589
0.386932
0.381019
0.375212
0.369957
0.365723
0.362959
0.361968
0.36288
0.365594
0.369806
0.375047
0.380801
0.386544
0.391845
0.396358
0.399887
0.402411
0.40406
0.40511
0.405876
0.406671
0.40764
0.408739
0.409808
0.410643
0.41107
0.411047
0.410606
0.409845
0.408882
0.407872
0.407034
0.406667
0.407087
0.408534
0.411115
0.414671
0.418772
0.422849
0.426364
0.429039
0.430941
0.432479
0.43411
0.436123
0.438534
0.441099
0.443414
0.444998
0.445404
0.44431
0.441473
0.436925
0.430963
0.424255
0.417754
0.412488
0.409198
0.408136
0.409013
0.41112
0.413564
0.415456
0.416131
0.415205
0.41256
0.408321
0.402806
0.396529
0.390116
0.384303
0.379798
0.377183
0.376745
0.378391
0.381696
0.386072
0.39093
0.395731
0.400114
0.403846
0.406866
0.40924
0.411116
0.412712
0.414206
0.415678
0.417066
0.418235
0.419054
0.419378
0.419171
0.4185
0.417422
0.416022
0.414289
0.412207
0.409796
0.407142
0.404496
0.402161
0.400511
0.39988
0.400518
0.402427
0.405478
0.409316
0.413568
0.417857
0.421848
0.425266
0.427852
0.429423
0.429757
0.428749
0.426379
0.422797
0.418309
0.413388
0.40857
0.404349
0.401059
0.398834
0.39763
0.397259
0.397456
0.398028
0.398876
0.400076
0.401794
0.404242
0.407525
0.411579
0.416134
0.420864
0.425485
0.429789
0.433614
0.436835
0.439307
0.440914
0.441484
0.440877
0.438893
0.435323
0.429999
0.422858
0.413982
0.403698
0.392556
0.381367
0.371027
0.362471
0.356423
0.353261
0.352904
0.354856
0.358395
0.362712
0.367166
0.371376
0.375188
0.378591
0.381504
0.383716
0.384957
0.385079
0.384232
0.382909
0.381882
0.382032
0.384118
0.388634
0.395698
0.405043
0.41613
0.428203
0.440437
0.45206
0.462403
0.47093
0.477218
0.480982
0.482025
0.480202
0.475449
0.467837
0.457648
0.445396
0.431827
0.417931
0.404827
0.393627
0.385281
0.380359
0.379038
0.38113
0.386085
0.3931
0.40125
0.409511
0.416901
0.422562
0.42591
0.42669
0.425013
0.421281
0.416104
0.410162
0.404093
0.398519
0.393986
0.390979
0.38987
0.390795
0.393583
0.397638
0.402071
0.405957
0.408578
0.409546
0.408936
0.40717
0.404857
0.402605
0.40085
0.399787
0.399304
0.399086
0.398743
0.39799
0.39677
0.395308
0.394067
0.393576
0.394341
0.396642
0.40045
0.405395
0.410816
0.415886
0.419791
0.421872
0.421757
0.419408
0.415167
0.409667
0.403686
0.398001
0.393257
0.389877
0.388066
0.387902
0.389385
0.392496
0.397245
0.403555
0.411211
0.419783
0.428592
0.436843
0.44372
0.448542
0.45084
0.450387
0.447213
0.441554
0.433827
0.424638
0.414758
0.405042
0.396416
0.389719
0.385562
0.38418
0.385383
0.388586
0.392953
0.397496
0.40128
0.403511
0.40371
0.401791
0.398051
0.393101
0.38772
0.382751
0.378955
0.376937
0.377079
0.379584
0.384403
0.39122
0.399529
0.408672
0.417927
0.426559
0.43393
0.439545
0.443096
0.444492
0.443828
0.441372
0.437558
0.432867
0.427746
0.422506
0.417288
0.412072
0.406704
0.401033
0.395081
0.388998
0.383125
0.377933
0.373916
0.371547
0.371136
0.372789
0.376382
0.381624
0.388046
0.395129
0.402458
0.409758
0.416892
0.423846
0.430624
0.437106
0.442932
0.447545
0.450333
0.450796
0.4487
0.444151
0.437552
0.429447
0.420481
0.411305
0.402523
0.394575
0.387772
0.382347
0.37843
0.37606
0.375252
0.375915
0.377931
0.381107
0.385157
0.389702
0.39431
0.398504
0.401884
0.4041
0.405027
0.404822
0.403909
0.402862
0.402342
0.402972
0.405212
0.409281
0.415105
0.422238
0.430004
0.437683
0.444602
0.450317
0.454551
0.457203
0.458212
0.457563
0.455233
0.451252
0.445691
0.438772
0.430841
0.422375
0.413905
0.405815
0.398377
0.391649
0.385536
0.379863
0.374451
0.369243
0.364307
0.359825
0.356058
0.353288
0.351772
0.351715
0.353184
0.356209
0.360723
0.366614
0.373714
0.381789
0.390509
0.399487
0.408296
0.416477
0.423676
0.429663
0.434349
0.437718
0.439844
0.440818
0.440767
0.439867
0.438439
0.43702
0.436233
0.436715
0.438816
0.442479
0.447188
0.452047
0.456024
0.45822
0.457976
0.455077
0.449765
0.442659
0.434585
0.426457
0.419105
0.413131
0.408758
0.405814
0.403785
0.40197
0.399649
0.396309
0.391846
0.386673
0.381593
0.377558
0.375403
0.375568
0.377994
0.382224
0.38758
0.393384
0.399034
0.40414
0.408478
0.411933
0.414473
0.416053
0.416575
0.415938
0.414101
0.411165
0.407438
0.403356
0.399437
0.396177
0.393937
0.392835
0.392764
0.39346
0.394605
0.395949
0.397364
0.398893
0.400664
0.402834
0.405533
0.408766
0.412393
0.416157
0.419765
0.422919
0.425402
0.42708
0.427938
0.427996
0.427353
0.426159
0.424632
0.79437
0.780863
0.760879
0.736403
0.709662
0.682645
0.656807
0.633052
0.611927
0.593689
0.578331
0.5655
0.554517
0.544516
0.534788
0.525104
0.516009
0.508788
0.505071
0.5061
0.512113
0.522234
0.534841
0.548114
0.560444
0.570595
0.577791
0.581727
0.582639
0.581252
0.57871
0.576415
0.575665
0.577271
0.581358
0.587463
0.594811
0.602661
0.610432
0.617776
0.624452
0.630199
0.634778
0.637909
0.639353
0.639031
0.637069
0.633793
0.629597
0.624986
0.620427
0.616336
0.613134
0.611181
0.610766
0.611949
0.614497
0.617919
0.621606
0.624977
0.627598
0.629255
0.629859
0.629441
0.628134
0.626077
0.623439
0.6204
0.617053
0.613457
0.609697
0.605925
0.602306
0.599017
0.596114
0.593553
0.591239
0.589063
0.586979
0.585051
0.583462
0.582334
0.581719
0.581551
0.581696
0.582088
0.58269
0.583641
0.585056
0.587054
0.589637
0.592699
0.596012
0.599372
0.602526
0.605301
0.607596
0.609342
0.610505
0.611072
0.611108
0.61072
0.610037
0.609158
0.608138
0.607035
0.605867
0.604623
0.603296
0.601931
0.600801
0.600355
0.601268
0.604183
0.609524
0.617338
0.627064
0.637638
0.647655
0.655632
0.660363
0.661059
0.657452
0.649721
0.638354
0.624155
0.608259
0.592141
0.577455
0.565723
0.557983
0.554521
0.554888
0.558129
0.563097
0.568704
0.57414
0.5789
0.582837
0.58604
0.588746
0.591241
0.593721
0.596241
0.598728
0.600944
0.602581
0.603417
0.60346
0.602985
0.602518
0.602703
0.604151
0.607252
0.612148
0.618746
0.626725
0.635555
0.644565
0.652932
0.659778
0.66418
0.665437
0.663197
0.657524
0.649008
0.638515
0.627132
0.615851
0.605479
0.59653
0.589183
0.58337
0.578933
0.575746
0.573885
0.573679
0.575641
0.580212
0.587433
0.596554
0.606136
0.614404
0.619864
0.621757
0.620156
0.615684
0.609215
0.601486
0.59306
0.584391
0.576047
0.568803
0.563587
0.56117
0.561775
0.564935
0.569593
0.57455
0.578864
0.582246
0.584999
0.587729
0.590958
0.594585
0.597959
0.600169
0.600526
0.598985
0.596125
0.592841
0.589912
0.587712
0.586195
0.585267
0.585289
0.587391
0.593269
0.604216
0.62008
0.639101
0.658858
0.677289
0.69312
0.705663
0.714432
0.718973
0.71886
0.713766
0.703637
0.68879
0.669916
0.648259
0.625531
0.603895
0.585846
0.573482
0.567533
0.566709
0.568277
0.569678
0.569699
0.568534
0.567111
0.566418
0.56701
0.56899
0.572049
0.575675
0.579232
0.582036
0.58346
0.583057
0.58066
0.576447
0.570815
0.564381
0.557931
0.552367
0.548712
0.547871
0.550533
0.556954
0.566847
0.579489
0.59379
0.608435
0.622125
0.633687
0.642178
0.647021
0.648049
0.645525
0.640164
0.633105
0.625776
0.619648
0.615904
0.61506
0.616862
0.620427
0.624505
0.62789
0.629611
0.629222
0.626757
0.622664
0.617648
0.61257
0.608281
0.605465
0.604524
0.60536
0.607328
0.609328
0.610045
0.608361
0.603738
0.59652
0.587756
0.578984
0.571897
0.567951
0.568071
0.572466
0.580549
0.591034
0.60221
0.612246
0.619612
0.623461
0.623734
0.621171
0.617282
0.613925
0.612794
0.614809
0.619656
0.625781
0.631054
0.633568
0.632363
0.627726
0.620971
0.613864
0.608015
0.604413
0.603261
0.604126
0.606264
0.608829
0.610987
0.611953
0.611086
0.60799
0.602687
0.595677
0.587927
0.580654
0.57521
0.572812
0.574187
0.579435
0.587978
0.598588
0.609675
0.619628
0.627166
0.631564
0.632646
0.630784
0.62682
0.621919
0.617346
0.614191
0.613038
0.613735
0.615504
0.617177
0.617648
0.616234
0.612874
0.608105
0.602906
0.598461
0.59582
0.595566
0.597684
0.601567
0.606387
0.611509
0.616564
0.621407
0.625802
0.629324
0.631337
0.631201
0.628647
0.624006
0.61818
0.612402
0.60781
0.605009
0.603821
0.603435
0.602734
0.600687
0.59676
0.591132
0.584653
0.578593
0.574289
0.57276
0.574336
0.57859
0.58445
0.59045
0.595146
0.597494
0.597131
0.594371
0.590055
0.585317
0.581303
0.579025
0.57919
0.582256
0.588289
0.596943
0.607483
0.618922
0.630178
0.64032
0.648556
0.654299
0.657201
0.657241
0.654753
0.65037
0.64487
0.639056
0.633637
0.629119
0.625738
0.623456
0.621962
0.620733
0.619247
0.617186
0.614452
0.611174
0.60764
0.604066
0.600416
0.596335
0.591195
0.58426
0.574996
0.563379
0.550057
0.536296
0.523772
0.514319
0.509579
0.510691
0.518095
0.531377
0.549289
0.569968
0.591219
0.610889
0.627173
0.638743
0.644944
0.645947
0.642753
0.637056
0.630874
0.626139
0.624187
0.625418
0.629212
0.634152
0.638458
0.640398
0.638796
0.633293
0.624528
0.61398
0.603388
0.594109
0.586765
0.581314
0.577361
0.574502
0.572493
0.571253
0.570946
0.572031
0.575145
0.580809
0.589026
0.599143
0.609971
0.62015
0.628588
0.634545
0.63763
0.637818
0.635418
0.631006
0.62529
0.618948
0.612566
0.606596
0.601427
0.597481
0.595263
0.595344
0.598169
0.603778
0.611735
0.620979
0.630137
0.63784
0.642993
0.644961
0.643653
0.639432
0.632953
0.62502
0.616373
0.607727
0.599721
0.593025
0.58814
0.585197
0.583883
0.583525
0.583366
0.58292
0.582107
0.581272
0.581005
0.581917
0.584403
0.588391
0.593343
0.598295
0.602102
0.603686
0.602237
0.597486
0.589944
0.580821
0.57184
0.564704
0.560581
0.559773
0.561748
0.565651
0.570776
0.576949
0.584366
0.593246
0.603382
0.614015
0.624077
0.632485
0.638373
0.641201
0.640797
0.637303
0.631295
0.623784
0.61606
0.609464
0.605158
0.603852
0.605631
0.610011
0.616096
0.622787
0.628922
0.633519
0.635862
0.635568
0.632514
0.62698
0.619505
0.610795
0.601619
0.592677
0.584426
0.577142
0.571117
0.566812
0.564873
0.566085
0.571056
0.579858
0.591795
0.6054
0.618774
0.630042
0.637817
0.641465
0.641155
0.637612
0.631858
0.625011
0.617859
0.6109
0.604343
0.598311
0.592936
0.588507
0.585378
0.583895
0.584302
0.586573
0.590484
0.595585
0.601261
0.606902
0.611984
0.616116
0.619015
0.620516
0.620499
0.618891
0.615722
0.611241
0.606002
0.600831
0.596773
0.594852
0.595722
0.599507
0.605648
0.612997
0.620134
0.625753
0.628952
0.629422
0.627452
0.623718
0.619098
0.61445
0.610401
0.607387
0.605719
0.605666
0.607342
0.610613
0.615086
0.620291
0.625826
0.631319
0.636495
0.640942
0.644042
0.645005
0.643154
0.638276
0.630882
0.622104
0.613329
0.605702
0.599603
0.594779
0.590663
0.586788
0.582862
0.578799
0.574596
0.570284
0.565985
0.561993
0.558797
0.55704
0.557339
0.560156
0.56568
0.573691
0.583672
0.594874
0.606426
0.61748
0.627284
0.635339
0.641456
0.645605
0.647826
0.648107
0.646341
0.642451
0.636586
0.62916
0.620776
0.612042
0.603373
0.595078
0.587369
0.580558
0.575148
0.571711
0.570734
0.572356
0.576313
0.581867
0.587964
0.593419
0.597175
0.598641
0.597886
0.595772
0.593901
0.594116
0.597664
0.604571
0.613636
0.623125
0.631462
0.637502
0.640555
0.64031
0.63677
0.630163
0.620963
0.609924
0.598072
0.586567
0.576574
0.569036
0.564512
0.563082
0.564419
0.568002
0.573227
0.579539
0.586465
0.593624
0.600732
0.607602
0.614043
0.619836
0.624764
0.62862
0.631224
0.632538
0.632682
0.631908
0.630457
0.628514
0.626138
0.623228
0.619615
0.615126
0.609777
0.604038
0.598834
0.595222
0.593918
0.594926
0.597698
0.601476
0.605533
0.609327
0.612517
0.614934
0.616497
0.617211
0.617115
0.616415
0.615561
0.615111
0.615514
0.616795
0.618356
0.619289
0.618804
0.616597
0.612933
0.608477
0.603989
0.600017
0.596656
0.593683
0.590845
0.58805
0.585638
0.58427
0.584781
0.58788
0.593858
0.602421
0.612748
0.623579
0.633561
0.641449
0.646298
0.647507
0.644918
0.638746
0.629518
0.618012
0.605136
0.591899
0.579295
0.568303
0.559897
0.554878
0.55381
0.556827
0.563432
0.57252
0.582517
0.59177
0.598964
0.603454
0.605312
0.605091
0.603463
0.601148
0.598861
0.597336
0.597163
0.598524
0.601003
0.603742
0.605663
0.605751
0.603407
0.598629
0.592205
0.585603
0.580717
0.579261
0.582078
0.588776
0.598026
0.608164
0.617809
0.626157
0.632809
0.63757
0.64036
0.64108
0.639769
0.636558
0.631708
0.625487
0.61822
0.610303
0.602297
0.595034
0.589339
0.585719
0.58416
0.584151
0.585041
0.586342
0.587951
0.590142
0.593368
0.597935
0.603755
0.610412
0.617229
0.623538
0.628761
0.63241
0.634183
0.634017
0.632114
0.628913
0.62482
0.620196
0.615317
0.610418
0.605783
0.601759
0.59867
0.596728
0.596061
0.596697
0.598666
0.601989
0.606647
0.612559
0.61937
0.626374
0.63257
0.636795
0.638092
0.636058
0.630988
0.623698
0.61532
0.607081
0.600105
0.595269
0.593067
0.593327
0.595124
0.597056
0.597859
0.596911
0.594388
0.591051
0.587936
0.58604
0.586151
0.588648
0.59331
0.599375
0.605775
0.611446
0.615494
0.617405
0.617008
0.614465
0.610189
0.604839
0.599072
0.593516
0.58862
0.584678
0.581894
0.580489
0.580789
0.583116
0.587687
0.594403
0.602847
0.612344
0.621976
0.63078
0.637816
0.642328
0.643813
0.642016
0.637
0.629276
0.619701
0.609375
0.599401
0.590638
0.583547
0.578372
0.575412
0.575084
0.577789
0.583597
0.592046
0.602202
0.612877
0.622976
0.631755
0.638911
0.644499
0.648799
0.652042
0.654319
0.655545
0.655489
0.653909
0.650611
0.645575
0.638929
0.630744
0.621013
0.609808
0.597484
0.584756
0.572609
0.562103
0.554106
0.549234
0.547842
0.550075
0.555731
0.564135
0.574144
0.584387
0.593545
0.600708
0.605626
0.608818
0.611391
0.614752
0.619986
0.627252
0.635567
0.64318
0.64839
0.650177
0.648588
0.644469
0.638935
0.632839
0.626702
0.62076
0.615219
0.610339
0.606491
0.604036
0.603176
0.603783
0.605484
0.607624
0.609517
0.610586
0.610449
0.608913
0.605895
0.601503
0.59611
0.590333
0.791756
0.779376
0.764635
0.749228
0.734839
0.723056
0.71506
0.711136
0.710493
0.711544
0.712496
0.711833
0.708579
0.702469
0.694005
0.684573
0.676071
0.67052
0.669349
0.672814
0.679928
0.68914
0.699165
0.709519
0.720306
0.731558
0.742629
0.752206
0.758888
0.761714
0.760495
0.755714
0.74834
0.739503
0.730296
0.721514
0.713574
0.706529
0.700134
0.693901
0.687256
0.679725
0.67112
0.661699
0.652047
0.642988
0.635449
0.630533
0.629442
0.633274
0.642649
0.657206
0.675534
0.695522
0.715074
0.732722
0.747835
0.760521
0.771372
0.780962
0.789654
0.797546
0.804372
0.809627
0.812693
0.813133
0.810874
0.806329
0.800414
0.794177
0.788358
0.783021
0.777531
0.770776
0.76157
0.749135
0.73345
0.715366
0.696285
0.67776
0.661114
0.647311
0.637041
0.630775
0.628733
0.630685
0.635845
0.642949
0.650619
0.657792
0.664122
0.669972
0.676226
0.683875
0.693638
0.705742
0.719865
0.735129
0.750203
0.763593
0.773881
0.780029
0.78164
0.778938
0.772643
0.763734
0.75325
0.741988
0.730557
0.719592
0.709811
0.702128
0.697425
0.696142
0.698244
0.703268
0.710499
0.718979
0.727497
0.734631
0.739069
0.740046
0.737509
0.731988
0.724365
0.71551
0.706097
0.696589
0.687301
0.678676
0.671267
0.665677
0.662381
0.661678
0.663647
0.668086
0.6745
0.682088
0.6901
0.697968
0.705594
0.713328
0.721715
0.73112
0.741468
0.752218
0.762564
0.771674
0.778956
0.784122
0.787164
0.78825
0.787563
0.785256
0.781291
0.775411
0.767175
0.756023
0.741665
0.724407
0.705274
0.685822
0.66784
0.653022
0.642732
0.637876
0.638814
0.645269
0.656389
0.670917
0.687356
0.704143
0.719586
0.732084
0.740485
0.744469
0.74476
0.742823
0.740338
0.738671
0.738493
0.739724
0.741778
0.744008
0.745986
0.747532
0.74863
0.749237
0.74923
0.748318
0.746116
0.742241
0.73648
0.728798
0.719394
0.708695
0.697316
0.68599
0.675609
0.667194
0.661631
0.659313
0.659862
0.662148
0.664837
0.667107
0.669027
0.671472
0.675666
0.68248
0.691919
0.703059
0.714565
0.725368
0.735205
0.74449
0.753777
0.763387
0.772887
0.781284
0.787313
0.789916
0.7885
0.783142
0.774539
0.763791
0.752082
0.740517
0.729904
0.720721
0.713088
0.70685
0.701669
0.697166
0.693182
0.689984
0.688428
0.689863
0.695695
0.706504
0.721449
0.73808
0.753056
0.763167
0.766273
0.761802
0.750934
0.736343
0.721711
0.710795
0.706143
0.7083
0.715923
0.726641
0.737883
0.74737
0.753489
0.755524
0.75372
0.749079
0.742944
0.736552
0.730722
0.725814
0.721907
0.718984
0.71712
0.716307
0.716424
0.717196
0.718309
0.719535
0.720797
0.721998
0.722884
0.72291
0.721527
0.718465
0.713871
0.708203
0.702017
0.695856
0.690364
0.686322
0.684528
0.685538
0.689459
0.695803
0.703694
0.711931
0.719216
0.72441
0.726486
0.724705
0.718682
0.708497
0.694858
0.679205
0.663517
0.650089
0.641084
0.637954
0.641219
0.650344
0.664012
0.680549
0.698385
0.716264
0.73312
0.7479
0.759508
0.766957
0.769861
0.768663
0.764559
0.758989
0.753118
0.747457
0.741994
0.736574
0.731166
0.726064
0.721817
0.719021
0.718186
0.719564
0.722917
0.727568
0.732371
0.736098
0.73788
0.737625
0.736068
0.734376
0.733662
0.734558
0.736907
0.739872
0.742108
0.742238
0.739258
0.732834
0.723186
0.710976
0.697068
0.682319
0.667763
0.654677
0.644693
0.639541
0.640616
0.648408
0.66215
0.679969
0.699493
0.71844
0.73492
0.747629
0.755785
0.759018
0.757398
0.751471
0.742271
0.731294
0.720253
0.710679
0.703415
0.698314
0.694556
0.691288
0.688123
0.685378
0.684026
0.685333
0.690345
0.699457
0.712049
0.726447
0.740176
0.750643
0.755807
0.754593
0.747051
0.734374
0.71867
0.702781
0.6897
0.681766
0.679887
0.683288
0.690123
0.698254
0.705903
0.71183
0.715391
0.716575
0.716057
0.714935
0.714467
0.715587
0.718531
0.722799
0.727427
0.731331
0.733692
0.734168
0.732772
0.729935
0.726207
0.722264
0.718694
0.71601
0.714558
0.714431
0.715433
0.717115
0.718879
0.720156
0.720593
0.720006
0.718407
0.71588
0.712587
0.708616
0.70409
0.699133
0.693997
0.688963
0.684408
0.680668
0.677979
0.676476
0.676316
0.677721
0.680918
0.685945
0.69244
0.699594
0.706412
0.712041
0.716071
0.718562
0.719983
0.721044
0.722569
0.725367
0.730084
0.736884
0.745211
0.753936
0.761597
0.766831
0.768709
0.766887
0.761577
0.753349
0.742949
0.731181
0.718726
0.706165
0.693859
0.681903
0.6704
0.659713
0.650737
0.644772
0.643172
0.646748
0.655346
0.66799
0.683342
0.700253
0.717941
0.735786
0.752921
0.767977
0.779299
0.785486
0.786012
0.781447
0.773232
0.76302
0.7522
0.741784
0.73277
0.726226
0.722978
0.72328
0.726574
0.731635
0.736888
0.740754
0.742008
0.739963
0.734671
0.726784
0.717342
0.707592
0.698812
0.692083
0.688033
0.68679
0.688082
0.691493
0.696657
0.703294
0.710942
0.718798
0.725723
0.730505
0.732264
0.730703
0.726221
0.719706
0.712197
0.704707
0.698063
0.692871
0.689394
0.6877
0.687727
0.689359
0.69242
0.696717
0.702043
0.708217
0.714927
0.721787
0.728329
0.734083
0.738723
0.742287
0.745076
0.747276
0.7486
0.748138
0.744751
0.737593
0.726534
0.712177
0.695781
0.679189
0.664646
0.654711
0.651802
0.657426
0.671417
0.691861
0.715734
0.73981
0.761272
0.777962
0.788334
0.791569
0.787578
0.777215
0.762281
0.74537
0.72913
0.71547
0.705374
0.699201
0.697068
0.698888
0.704052
0.711608
0.720596
0.730254
0.739993
0.749343
0.75773
0.764406
0.768521
0.769127
0.765322
0.756453
0.742418
0.723926
0.702586
0.680737
0.660895
0.645144
0.634652
0.629742
0.630269
0.635937
0.646493
0.661476
0.679939
0.700314
0.720667
0.739083
0.754017
0.7646
0.770561
0.77224
0.770288
0.765489
0.758633
0.750436
0.741477
0.732211
0.722883
0.713697
0.704977
0.697289
0.691439
0.688269
0.688416
0.692166
0.699423
0.709648
0.721865
0.734717
0.746559
0.755681
0.760773
0.761348
0.757862
0.751449
0.74346
0.734929
0.726361
0.717945
0.709825
0.702212
0.695304
0.689154
0.683703
0.678928
0.674847
0.671643
0.669576
0.668876
0.669768
0.672553
0.677541
0.684868
0.69407
0.703773
0.711958
0.716863
0.717811
0.715289
0.710686
0.705686
0.701551
0.698882
0.697596
0.697122
0.696869
0.696365
0.695481
0.694423
0.69366
0.693743
0.695288
0.698859
0.70481
0.713112
0.723176
0.733891
0.743832
0.751777
0.756946
0.759136
0.758625
0.755918
0.75152
0.745762
0.738722
0.730403
0.721002
0.711087
0.701613
0.693505
0.687275
0.682914
0.680077
0.678316
0.677285
0.676634
0.676269
0.67656
0.678371
0.682857
0.691243
0.704426
0.722551
0.74457
0.768157
0.790218
0.807781
0.818738
0.822073
0.817868
0.807165
0.791725
0.773738
0.755586
0.739618
0.727652
0.720619
0.718352
0.719679
0.722782
0.725644
0.726554
0.724472
0.719153
0.711207
0.701836
0.692564
0.684733
0.679326
0.676882
0.677508
0.680929
0.686503
0.693278
0.700213
0.706294
0.71059
0.712383
0.711185
0.706707
0.698944
0.688256
0.675475
0.661836
0.649006
0.638847
0.633107
0.633324
0.640454
0.654439
0.67398
0.696636
0.719494
0.739944
0.756446
0.768748
0.777521
0.783798
0.788397
0.791665
0.793397
0.793272
0.791213
0.787663
0.783475
0.779629
0.776909
0.775472
0.77493
0.774545
0.773486
0.771157
0.767314
0.761934
0.755
0.746499
0.736425
0.725098
0.713147
0.701571
0.691616
0.684562
0.681416
0.682453
0.687022
0.693598
0.70014
0.704613
0.705361
0.701435
0.692835
0.680523
0.666241
0.652146
0.640223
0.631863
0.627664
0.62761
0.631405
0.638857
0.649929
0.664378
0.681333
0.698977
0.715008
0.727174
0.733891
0.734353
0.728823
0.718758
0.706757
0.696041
0.689487
0.688618
0.693347
0.702605
0.715069
0.729435
0.744395
0.758525
0.770692
0.780231
0.787155
0.792013
0.795557
0.798371
0.800717
0.802466
0.803206
0.802429
0.799795
0.795264
0.789114
0.781772
0.773549
0.764451
0.754315
0.74309
0.73121
0.719737
0.710285
0.704564
0.703705
0.707637
0.714987
0.723446
0.730543
0.734355
0.73397
0.729326
0.72116
0.710677
0.699391
0.689039
0.681383
0.677757
0.67824
0.681456
0.685052
0.686796
0.685378
0.680689
0.673504
0.665096
0.656995
0.650799
0.647951
0.649475
0.655705
0.666104
0.67936
0.693734
0.707496
0.719316
0.728323
0.734055
0.736396
0.735512
0.731854
0.726243
0.719811
0.71381
0.709479
0.707884
0.709753
0.715239
0.72372
0.733713
0.743173
0.74993
0.752312
0.749667
0.742541
0.732599
0.722134
0.713549
0.708833
0.709188
0.714955
0.725603
0.739765
0.755413
0.770204
0.781841
0.788564
0.789483
0.784669
0.775105
0.76243
0.748576
0.735381
0.724275
0.715941
0.710105
0.705784
0.701667
0.696547
0.689725
0.681204
0.671799
0.662892
0.656104
0.652925
0.654337
0.660467
0.670459
0.68275
0.695542
0.707177
0.71621
0.721306
0.721531
0.716928
0.709054
0.700645
0.694713
0.693428
0.697492
0.7063
0.718479
0.732495
0.746737
0.75926
0.76791
0.770774
0.766817
0.756245
0.740522
0.722028
0.703618
0.688101
0.677676
0.67371
0.67663
0.68596
0.700503
0.718493
0.737877
0.756637
0.773021
0.785771
0.794209
0.798344
0.798588
0.795572
0.789963
0.782137
0.772144
0.759948
0.745757
0.730288
0.71476
0.700551
0.688824
0.680165
0.674574
0.671715
0.671134
0.672452
0.675231
0.678906
0.682766
0.685955
0.687637
0.687398
0.685526
0.683145
0.681754
0.682395
0.68514
0.689163
0.69338
0.697059
0.699974
0.702444
0.705084
0.708413
0.712514
0.717013
0.72114
0.723953
0.724695
0.723213
0.720134
0.716971
0.715799
0.71844
0.725639
0.736724
0.749766
0.762228
0.771606
0.775983
0.774298
0.791481
0.776741
0.757641
0.736249
0.714997
0.696413
0.682801
0.675727
0.675512
0.680984
0.689918
0.699679
0.707973
0.713384
0.715565
0.715175
0.713565
0.712204
0.712282
0.714275
0.717966
0.722679
0.727894
0.733714
0.740985
0.750714
0.763275
0.777876
0.792579
0.804664
0.811554
0.811267
0.802822
0.786588
0.764124
0.738052
0.711725
0.688774
0.672527
0.665215
0.667516
0.678335
0.695207
0.714979
0.734591
0.751591
0.764343
0.772084
0.77486
0.773385
0.768653
0.761612
0.752959
0.743012
0.731781
0.719264
0.705779
0.692101
0.679417
0.669264
0.663202
0.662518
0.667951
0.679439
0.696063
0.716239
0.737898
0.758973
0.777605
0.792368
0.802288
0.806998
0.806721
0.802213
0.794515
0.784636
0.773276
0.760715
0.74696
0.732056
0.716449
0.701067
0.687263
0.676433
0.669653
0.667296
0.668911
0.673461
0.679685
0.686416
0.692831
0.698447
0.703158
0.707055
0.710356
0.713345
0.716126
0.718507
0.719888
0.719471
0.716596
0.711176
0.703804
0.695914
0.68938
0.686024
0.68711
0.693024
0.703226
0.71643
0.731084
0.745722
0.759256
0.771007
0.780462
0.787206
0.790969
0.791521
0.788809
0.782967
0.77441
0.76385
0.752276
0.740887
0.730727
0.722466
0.716224
0.711759
0.708841
0.707551
0.708221
0.711012
0.71557
0.720903
0.725559
0.728103
0.727595
0.723899
0.717786
0.710597
0.703737
0.698248
0.694483
0.692129
0.690485
0.688948
0.687199
0.685379
0.683998
0.68368
0.68494
0.687915
0.692555
0.698789
0.706818
0.71712
0.730212
0.74606
0.763811
0.781907
0.798624
0.812439
0.822192
0.82704
0.82662
0.821138
0.811627
0.799758
0.787106
0.774349
0.761363
0.747941
0.734557
0.72241
0.712749
0.706409
0.703754
0.704981
0.710141
0.719008
0.730691
0.743741
0.756368
0.766723
0.77323
0.774922
0.771589
0.763681
0.752179
0.738301
0.723235
0.707978
0.693288
0.679927
0.668812
0.661097
0.658046
0.660602
0.668925
0.682103
0.69823
0.714818
0.72933
0.739596
0.744135
0.742399
0.734821
0.722913
0.709069
0.696115
0.686679
0.682608
0.684561
0.691971
0.703358
0.716887
0.730821
0.743846
0.755142
0.764412
0.771795
0.777651
0.782384
0.786188
0.788915
0.790142
0.789372
0.786265
0.780904
0.773781
0.765634
0.7572
0.748871
0.740628
0.732185
0.723517
0.715175
0.708298
0.704067
0.703151
0.705429
0.710094
0.715993
0.72202
0.727394
0.731864
0.735725
0.739553
0.743843
0.748697
0.753817
0.758619
0.762492
0.764885
0.765413
0.763935
0.760581
0.755784
0.750075
0.74385
0.737338
0.73061
0.72377
0.716989
0.710429
0.704251
0.698517
0.69324
0.688611
0.684939
0.682676
0.682363
0.684436
0.689224
0.696847
0.707073
0.719188
0.732114
0.744582
0.755259
0.762884
0.766461
0.765427
0.759743
0.75014
0.738115
0.725742
0.715314
0.708725
0.706942
0.709805
0.716207
0.724585
0.733459
0.741765
0.74897
0.754974
0.759857
0.763599
0.766049
0.766937
0.76591
0.762637
0.756973
0.748835
0.738387
0.726213
0.713435
0.70174
0.693075
0.68881
0.689277
0.694088
0.702718
0.714898
0.730075
0.746919
0.763285
0.776793
0.785672
0.789052
0.786954
0.779977
0.768871
0.754507
0.738136
0.721608
0.707156
0.69682
0.691747
0.691945
0.696429
0.703401
0.710498
0.715297
0.716195
0.713043
0.707158
0.700812
0.696232
0.694814
0.696913
0.702173
0.709949
0.719556
0.729949
0.739732
0.747311
0.751331
0.751069
0.746625
0.738888
0.729284
0.719538
0.711334
0.70621
0.705283
0.709137
0.717582
0.729543
0.743349
0.757217
0.769653
0.779633
0.786789
0.791192
0.79318
0.793252
0.791743
0.788797
0.784283
0.777806
0.768849
0.757053
0.742498
0.725808
0.708262
0.691577
0.677687
0.668399
0.664963
0.667834
0.676612
0.689989
0.705893
0.721795
0.735014
0.743315
0.745601
0.742215
0.734969
0.726555
0.719761
0.716715
0.718345
0.72423
0.732875
0.742119
0.749833
0.75435
0.754878
0.751835
0.746836
0.742168
0.739696
0.740001
0.742184
0.744498
0.745507
0.74445
0.741403
0.737157
0.73286
0.729619
0.728231
0.72904
0.731907
0.736251
0.741252
0.745943
0.749338
0.750641
0.749299
0.74504
0.737909
0.728315
0.717334
0.706758
0.698826
0.695469
0.697731
0.705311
0.716779
0.730093
0.743162
0.754151
0.761541
0.764169
0.76134
0.75311
0.7404
0.72496
0.709272
0.696169
0.688329
0.687774
0.695347
0.710373
0.730853
0.754104
0.777165
0.797316
0.812312
0.820598
0.821511
0.815392
0.80341
0.78734
0.769207
0.751005
0.73445
0.720754
0.710539
0.703855
0.700323
0.699255
0.699939
0.701942
0.705217
0.709969
0.716162
0.723218
0.729988
0.735109
0.73752
0.736862
0.733631
0.729003
0.724539
0.721797
0.722095
0.726514
0.735607
0.749077
0.765369
0.781539
0.793695
0.798097
0.792278
0.775902
0.751059
0.722014
0.694442
0.674008
0.664414
0.666134
0.676832
0.69307
0.711605
0.729734
0.745143
0.755911
0.760612
0.75857
0.75012
0.736584
0.720031
0.702975
0.687863
0.676655
0.670437
0.66934
0.672676
0.679375
0.688599
0.700155
0.714581
0.732511
0.753804
0.777062
0.799939
0.819928
0.834945
0.843457
0.844459
0.8374
0.822393
0.800574
0.774244
0.74674
0.72185
0.703085
0.692909
0.692195
0.700131
0.714622
0.732849
0.752021
0.769777
0.784371
0.79463
0.799759
0.799269
0.792939
0.780812
0.763396
0.74178
0.717604
0.69281
0.669301
0.648493
0.631136
0.617274
0.606454
0.598094
0.591767
0.587375
0.585264
0.586172
0.590975
0.600597
0.615672
0.63637
0.662138
0.691652
0.722886
0.753365
0.780467
0.801923
0.816292
0.82327
0.823641
0.819077
0.811497
0.802564
0.793493
0.784983
0.777502
0.771535
0.767445
0.765448
0.765421
0.766881
0.769072
0.771068
0.772131
0.771672
0.769456
0.765644
0.760836
0.755952
0.752009
0.749736
0.749361
0.750431
0.751972
0.752878
0.752182
0.749331
0.744088
0.736538
0.72701
0.7161
0.704631
0.693654
0.684314
0.67775
0.674662
0.675081
0.678393
0.683608
0.689701
0.695919
0.701765
0.706957
0.711298
0.714718
0.717242
0.719057
0.72038
0.72132
0.721869
0.722053
0.721941
0.721633
0.721236
0.720727
0.719755
0.71773
0.713967
0.708027
0.700033
0.690782
0.681776
0.674985
0.672401
0.675385
0.684265
0.698234
0.715564
0.734025
0.751476
0.766186
0.777021
0.783357
0.785001
0.78221
0.775745
0.766811
0.757084
0.748448
0.742733
0.741269
0.744581
0.752355
0.763515
0.776576
0.789866
0.801707
0.810569
0.815185
0.814762
0.809186
0.799081
0.785628
0.77033
0.754718
0.739953
0.726637
0.714853
0.704301
0.694672
0.685868
0.678206
0.672381
0.669099
0.668768
0.671316
0.676269
0.683028
0.690991
0.699545
0.708054
0.715902
0.722549
0.727493
0.730506
0.731579
0.730796
0.728223
0.723707
0.717055
0.708142
0.697155
0.684772
0.672163
0.660911
0.652905
0.649864
0.652673
0.661156
0.674125
0.689985
0.707034
0.723628
0.738167
0.749198
0.75556
0.756683
0.752813
0.745128
0.735673
0.727015
0.721653
0.721507
0.727339
0.738719
0.754205
0.771765
0.789307
0.804901
0.816953
0.824317
0.826389
0.823294
0.815695
0.804677
0.791439
0.777107
0.762743
0.749367
0.738037
0.729669
0.724767
0.723211
0.724255
0.726703
0.729234
0.730622
0.730081
0.727366
0.722765
0.716892
0.710517
0.704252
0.698666
0.694357
0.692133
0.693022
0.697872
0.706961
0.719646
0.734362
0.748876
0.760715
0.767807
0.76893
0.763876
0.753356
0.738817
0.722153
0.705275
0.689779
0.676937
0.667632
0.662544
0.66211
0.666457
0.675173
0.687074
0.700227
0.712358
0.721299
0.725601
0.724831
0.719645
0.71152
0.702541
0.694811
0.689932
0.688761
0.691345
0.697133
0.705169
0.71436
0.723727
0.732658
0.741041
0.749205
0.757781
0.767406
0.778553
0.791182
0.804674
0.817828
0.829173
0.837394
0.841571
0.841295
0.836433
0.826979
0.813059
0.795124
0.77418
0.751919
0.730557
0.7123
0.698948
0.691348
0.689275
0.691587
0.696628
0.702627
0.708148
0.712177
0.714158
0.713883
0.711331
0.706692
0.700404
0.693272
0.686485
0.6815
0.679646
0.681764
0.687813
0.69687
0.707443
0.718002
0.727256
0.734344
0.738851
0.740716
0.740131
0.73744
0.733045
0.7275
0.721546
0.71603
0.711783
0.709422
0.709229
0.711061
0.714295
0.718004
0.721025
0.722402
0.721695
0.719242
0.716083
0.713619
0.712842
0.714072
0.717053
0.721418
0.72703
0.73389
0.741743
0.749893
0.757385
0.763315
0.767162
0.769046
0.769757
0.770557
0.772647
0.776543
0.781791
0.787312
0.792035
0.79521
0.796247
0.794556
0.789485
0.780472
0.767334
0.750479
0.731021
0.710726
0.691646
0.675555
0.663583
0.656129
0.652984
0.653527
0.656969
0.662508
0.669553
0.677773
0.686989
0.696866
0.70681
0.716152
0.724463
0.731936
0.739298
0.747478
0.757173
0.768457
0.780539
0.791797
0.800248
0.804027
0.801782
0.793016
0.778177
0.758689
0.736586
0.714099
0.693381
0.676587
0.6658
0.662457
0.666553
0.676592
0.690152
0.704803
0.718579
0.730155
0.738868
0.744644
0.747802
0.748649
0.74716
0.743193
0.736937
0.729494
0.722845
0.719155
0.719989
0.725553
0.734684
0.745304
0.755272
0.762916
0.767293
0.768085
0.765326
0.75941
0.751081
0.741465
0.731824
0.723215
0.716187
0.710755
0.706712
0.703919
0.702523
0.70279
0.70473
0.70787
0.711591
0.71551
0.719579
0.723905
0.728535
0.733319
0.737966
0.742147
0.74572
0.748791
0.751793
0.755396
0.760359
0.7672
0.776068
0.786504
0.797552
0.807756
0.815212
0.817793
0.813495
0.801074
0.780805
0.754916
0.727368
0.702776
0.684615
0.673846
0.669013
0.667497
0.667039
0.666492
0.66588
0.665922
0.667485
0.671102
0.676837
0.684285
0.692791
0.701878
0.711313
0.720966
0.730663
0.739974
0.748206
0.754604
0.758498
0.759476
0.757586
0.794882
0.786817
0.777262
0.767707
0.759522
0.753612
0.750102
0.74847
0.747887
0.747695
0.747816
0.748681
0.751017
0.755681
0.7632
0.7735
0.785647
0.798023
0.808791
0.816665
0.821163
0.822399
0.820496
0.81515
0.805573
0.791086
0.771882
0.749648
0.727355
0.708626
0.69659
0.692887
0.697282
0.708017
0.722519
0.738098
0.752349
0.763397
0.770169
0.772279
0.770102
0.764567
0.756903
0.748271
0.739379
0.730562
0.722053
0.714393
0.708532
0.705475
0.705931
0.710194
0.718068
0.729123
0.742665
0.757716
0.772995
0.787112
0.798796
0.806979
0.810872
0.809985
0.804145
0.793628
0.77946
0.763278
0.747069
0.732644
0.720944
0.711931
0.705227
0.700889
0.699692
0.70289
0.711349
0.724945
0.74239
0.761601
0.780283
0.796616
0.8094
0.817849
0.821472
0.820201
0.814605
0.806006
0.796242
0.787127
0.779995
0.775428
0.773149
0.77227
0.771671
0.770201
0.766987
0.761645
0.754438
0.746076
0.737705
0.730642
0.726019
0.724504
0.726016
0.72965
0.733795
0.736582
0.736427
0.732541
0.725139
0.715542
0.705979
0.699089
0.697046
0.70074
0.709382
0.720963
0.733112
0.743794
0.75182
0.756846
0.759264
0.760043
0.760344
0.7611
0.762681
0.764987
0.767589
0.770013
0.771944
0.773322
0.774229
0.774701
0.774604
0.773642
0.771459
0.767804
0.762498
0.755508
0.747043
0.7376
0.728063
0.719679
0.713854
0.711936
0.714825
0.722619
0.734444
0.74851
0.762404
0.773618
0.780288
0.781456
0.777306
0.768893
0.75791
0.746398
0.736599
0.730645
0.730145
0.735574
0.745996
0.759261
0.772614
0.783572
0.790567
0.793137
0.791825
0.787944
0.783133
0.778833
0.775934
0.774504
0.773977
0.773394
0.771926
0.769044
0.764545
0.758598
0.75164
0.744456
0.738236
0.734416
0.734161
0.73793
0.745301
0.755043
0.765475
0.774779
0.781446
0.784666
0.78445
0.781411
0.776353
0.769887
0.762395
0.754166
0.745375
0.736149
0.726704
0.717698
0.710451
0.706995
0.709367
0.718668
0.734214
0.753595
0.773544
0.790983
0.80367
0.810526
0.81144
0.807025
0.798253
0.786381
0.772924
0.759467
0.747492
0.738237
0.732599
0.731063
0.733523
0.739055
0.746147
0.753115
0.758514
0.761281
0.760678
0.756335
0.748158
0.736542
0.722435
0.707557
0.694248
0.685017
0.681713
0.684871
0.693421
0.705238
0.717961
0.729817
0.739919
0.748286
0.755481
0.762222
0.768997
0.775768
0.782094
0.787322
0.790756
0.791876
0.790605
0.78736
0.783131
0.779413
0.777755
0.779427
0.785026
0.794167
0.805434
0.816849
0.826328
0.83236
0.834226
0.832008
0.826349
0.818039
0.807875
0.796486
0.784251
0.771262
0.75738
0.742583
0.727287
0.71253
0.699825
0.690723
0.686395
0.687243
0.692797
0.701856
0.712917
0.724625
0.735982
0.746285
0.755082
0.762114
0.767136
0.769906
0.77019
0.767735
0.762371
0.754113
0.74341
0.73119
0.718683
0.707344
0.698661
0.693924
0.693796
0.698089
0.705822
0.715789
0.726849
0.737974
0.748177
0.756389
0.761773
0.763981
0.763314
0.760714
0.75736
0.754342
0.752364
0.751823
0.752878
0.755565
0.759752
0.765206
0.771713
0.779281
0.788462
0.80021
0.815308
0.833437
0.852732
0.87
0.881939
0.886264
0.882175
0.870115
0.851113
0.826278
0.797088
0.765797
0.735474
0.709331
0.689782
0.677736
0.672554
0.672583
0.675859
0.680676
0.685926
0.691182
0.696475
0.701963
0.707666
0.713348
0.718452
0.722199
0.723752
0.722503
0.718291
0.711419
0.702719
0.693466
0.685194
0.679281
0.676542
0.676989
0.679781
0.6837
0.687628
0.69123
0.695166
0.700879
0.709753
0.722326
0.73809
0.75571
0.773663
0.790717
0.806156
0.819727
0.831129
0.839772
0.844779
0.845289
0.841032
0.832558
0.821167
0.8086
0.796514
0.785871
0.776812
0.768694
0.760377
0.750776
0.739549
0.727511
0.716728
0.70968
0.708196
0.712791
0.722882
0.737262
0.754545
0.773163
0.791314
0.807048
0.81844
0.823897
0.822552
0.814529
0.801115
0.784491
0.767195
0.751445
0.738638
0.72926
0.72309
0.719535
0.718047
0.718244
0.719862
0.72261
0.72612
0.72997
0.733801
0.7374
0.740744
0.743801
0.746508
0.748744
0.750307
0.75105
0.750943
0.750051
0.748468
0.746211
0.743299
0.739792
0.735835
0.731691
0.727909
0.725344
0.725074
0.728149
0.735351
0.747105
0.763312
0.783307
0.805739
0.828563
0.849309
0.865337
0.874401
0.875071
0.867011
0.850985
0.828848
0.803184
0.776873
0.752578
0.732064
0.715928
0.703987
0.695984
0.692309
0.694014
0.702182
0.716942
0.736918
0.759338
0.780709
0.797761
0.808265
0.811425
0.807918
0.799496
0.788285
0.776057
0.763774
0.751555
0.739227
0.727115
0.716406
0.708933
0.706313
0.709132
0.71683
0.728161
0.741707
0.756242
0.770658
0.783885
0.794925
0.802917
0.807192
0.807409
0.803549
0.795997
0.785476
0.772943
0.759321
0.745494
0.732256
0.720384
0.710673
0.704023
0.701332
0.703213
0.709602
0.719489
0.731087
0.742317
0.751224
0.756528
0.757812
0.755555
0.750886
0.745339
0.740503
0.737816
0.738285
0.742366
0.749777
0.75967
0.770869
0.782238
0.792877
0.802022
0.809004
0.812982
0.813062
0.80851
0.798968
0.784768
0.767208
0.748691
0.732276
0.720365
0.713417
0.709936
0.707722
0.7052
0.701938
0.698454
0.695778
0.694899
0.696274
0.699691
0.704595
0.710502
0.717294
0.725245
0.734745
0.746055
0.758959
0.772798
0.786749
0.800058
0.812232
0.822973
0.831919
0.838403
0.841573
0.840752
0.835762
0.827108
0.815485
0.801422
0.785108
0.766866
0.747692
0.729483
0.714758
0.705725
0.703354
0.70695
0.714486
0.723381
0.731196
0.736261
0.738025
0.73715
0.735165
0.733918
0.734924
0.738914
0.74574
0.754551
0.764093
0.773125
0.780672
0.786002
0.788608
0.788011
0.783866
0.776177
0.765411
0.752663
0.739536
0.727889
0.719377
0.714975
0.714621
0.717387
0.721867
0.726525
0.730214
0.73239
0.733124
0.7328
0.731885
0.730733
0.729671
0.729205
0.730086
0.733128
0.738876
0.747361
0.757871
0.769003
0.778943
0.785975
0.789251
0.789023
0.786404
0.782658
0.778803
0.775288
0.77184
0.767608
0.761612
0.75331
0.742928
0.731733
0.721913
0.716108
0.716673
0.724824
0.74015
0.760616
0.78298
0.803625
0.819348
0.828009
0.828825
0.82229
0.809838
0.793473
0.775255
0.757146
0.740945
0.728334
0.720831
0.719559
0.724875
0.736046
0.751379
0.768516
0.784879
0.797997
0.805829
0.806976
0.800937
0.78818
0.770054
0.74866
0.726453
0.705918
0.689086
0.677131
0.670258
0.668115
0.670124
0.675895
0.685221
0.697807
0.712917
0.729018
0.743983
0.755838
0.763616
0.767967
0.770671
0.773653
0.778159
0.784681
0.79323
0.803511
0.814847
0.826072
0.835799
0.842747
0.846146
0.845696
0.84143
0.833541
0.822314
0.808073
0.791324
0.772737
0.753001
0.733057
0.7142
0.698246
0.687006
0.681649
0.682247
0.687824
0.696889
0.707953
0.719845
0.731774
0.743278
0.754253
0.764836
0.775198
0.78518
0.794048
0.800539
0.803466
0.802275
0.797306
0.789514
0.780058
0.769802
0.759055
0.747643
0.735243
0.72183
0.708038
0.695311
0.685752
0.681603
0.684623
0.695492
0.713641
0.737309
0.763854
0.79017
0.81317
0.830137
0.83899
0.838636
0.829043
0.811304
0.787467
0.760124
0.732046
0.705802
0.683456
0.666619
0.656377
0.653146
0.656553
0.665418
0.677979
0.692222
0.706315
0.718703
0.728155
0.733819
0.73546
0.733806
0.730656
0.728511
0.729782
0.735909
0.746975
0.761839
0.778802
0.79617
0.812684
0.827333
0.839307
0.847904
0.852474
0.85245
0.847358
0.836997
0.82184
0.803412
0.784224
0.767297
0.755154
0.748792
0.747263
0.748398
0.750023
0.750919
0.750995
0.750919
0.751426
0.752923
0.755289
0.758007
0.760583
0.762784
0.764514
0.765683
0.766168
0.765827
0.764654
0.762795
0.760549
0.758327
0.756611
0.755824
0.75627
0.757988
0.760876
0.764782
0.76927
0.773462
0.775997
0.77537
0.770464
0.760857
0.746853
0.729441
0.710088
0.690628
0.673261
0.660322
0.653941
0.655617
0.665649
0.682915
0.704925
0.728482
0.750623
0.769225
0.783267
0.79265
0.797834
0.799585
0.798772
0.796189
0.792506
0.788205
0.783514
0.778558
0.773362
0.767874
0.761998
0.755802
0.749611
0.74403
0.739773
0.737635
0.738399
0.74252
0.749799
0.759222
0.769159
0.777798
0.78364
0.78596
0.784922
0.781471
0.776916
0.772476
0.768967
0.766683
0.765459
0.764691
0.763558
0.761311
0.75752
0.752207
0.745862
0.739367
0.733853
0.730384
0.729741
0.732232
0.73749
0.744386
0.751227
0.756181
0.757791
0.755492
0.749881
0.742506
0.735192
0.72936
0.725631
0.72394
0.723868
0.724993
0.727083
0.730129
0.734206
0.739306
0.745208
0.751532
0.757741
0.763207
0.767399
0.769836
0.770068
0.767753
0.762834
0.755668
0.746866
0.737125
0.726771
0.715754
0.70372
0.690357
0.675948
0.661698
0.649944
0.643981
0.647293
0.662247
0.68868
0.723734
0.762808
0.800936
0.834016
0.8594
0.875792
0.882882
0.881063
0.870997
0.853699
0.830738
0.804374
0.777613
0.753834
0.73611
0.726464
0.725287
0.731219
0.741574
0.75295
0.761885
0.76554
0.762228
0.751769
0.735591
0.716521
0.698317
0.684762
0.678624
0.680812
0.690231
0.704406
0.720382
0.735538
0.748162
0.757735
0.764936
0.771287
0.77864
0.788502
0.801303
0.816207
0.831206
0.843936
0.852542
0.856181
0.854894
0.849324
0.840405
0.829079
0.816265
0.802636
0.788672
0.774581
0.760429
0.746415
0.732991
0.720961
0.711093
0.703608
0.697985
0.693271
0.688592
0.683804
0.679756
0.678098
0.68057
0.688129
0.700509
0.716379
0.733939
0.751427
0.767471
0.781068
0.791496
0.798269
0.801185
0.800405
0.796474
0.790237
0.782648
0.774567
0.766655
0.75938
0.753283
0.749127
0.747951
0.750588
0.757258
0.767283
0.802228
0.790663
0.74762
0.681815
0.666897
0.743954
0.841946
0.902179
0.926318
0.932512
0.933571
0.937799
0.950998
0.971287
0.984478
0.974713
0.940655
0.89475
0.853829
0.828361
0.816606
0.809378
0.796585
0.771982
0.737044
0.700182
0.671327
0.656794
0.658967
0.676837
0.704396
0.731321
0.747691
0.748021
0.732135
0.704753
0.674396
0.650235
0.637495
0.635713
0.641436
0.651169
0.662269
0.672655
0.680418
0.683841
0.681593
0.673644
0.663416
0.659375
0.67059
0.697322
0.730639
0.761522
0.785716
0.802385
0.811733
0.81427
0.81089
0.803366
0.794635
0.788501
0.788266
0.794999
0.806944
0.820898
0.834018
0.844578
0.851787
0.855335
0.855086
0.851075
0.843382
0.832173
0.818036
0.802095
0.786025
0.77169
0.760665
0.753778
0.751051
0.751883
0.755177
0.759305
0.762547
0.763829
0.763345
0.762686
0.764166
0.769744
0.779899
0.793325
0.807797
0.821399
0.83316
0.843031
0.85139
0.858399
0.863702
0.866365
0.865257
0.859416
0.848349
0.832257
0.812161
0.789825
0.76729
0.746385
0.728307
0.713481
0.701893
0.69357
0.688845
0.68815
0.691505
0.69797
0.705878
0.713571
0.720212
0.725843
0.730993
0.735945
0.740441
0.743878
0.745777
0.74613
0.745337
0.743977
0.742578
0.741542
0.741234
0.742027
0.744297
0.748345
0.754318
0.762153
0.77156
0.782037
0.792884
0.803195
0.811913
0.81806
0.821217
0.821752
0.820743
0.8196
0.819374
0.820378
0.822072
0.823235
0.822562
0.819268
0.813343
0.805534
0.797076
0.789265
0.783277
0.779861
0.779204
0.780721
0.783162
0.785019
0.785065
0.782606
0.77751
0.770145
0.761422
0.752839
0.74625
0.743356
0.745131
0.751409
0.760815
0.771206
0.780218
0.785807
0.786576
0.781754
0.771429
0.756419
0.738235
0.718976
0.700999
0.686557
0.677331
0.674205
0.67719
0.685518
0.698109
0.713892
0.732044
0.751897
0.772687
0.79318
0.811884
0.827245
0.837908
0.842887
0.841701
0.834583
0.8227
0.808255
0.794142
0.783012
0.776289
0.773695
0.773583
0.773832
0.772528
0.768625
0.762302
0.755188
0.750148
0.750149
0.756514
0.767599
0.779598
0.788704
0.792669
0.791154
0.7851
0.77604
0.765538
0.755105
0.746238
0.740348
0.738549
0.741335
0.748404
0.758876
0.771412
0.784564
0.796829
0.806771
0.813519
0.816908
0.8174
0.815808
0.812902
0.809275
0.805372
0.80154
0.797973
0.794688
0.791481
0.787894
0.783495
0.778094
0.771972
0.765874
0.761065
0.758914
0.76038
0.765333
0.77236
0.779496
0.785446
0.790299
0.794957
0.799755
0.803869
0.805836
0.8044
0.798844
0.788874
0.774699
0.757275
0.738539
0.721362
0.708515
0.701381
0.699504
0.701416
0.705627
0.711054
0.717083
0.72355
0.730873
0.739971
0.751663
0.766108
0.782474
0.799057
0.813831
0.824996
0.831333
0.832529
0.829177
0.822608
0.814596
0.806665
0.799692
0.793924
0.789181
0.785222
0.781989
0.779654
0.778476
0.778514
0.779452
0.780686
0.781562
0.78169
0.781092
0.779985
0.778511
0.776667
0.774415
0.771775
0.769037
0.766622
0.764863
0.763667
0.762524
0.760881
0.758625
0.756491
0.756015
0.758829
0.765822
0.776419
0.788708
0.799974
0.807631
0.810129
0.807398
0.80082
0.79269
0.785224
0.779759
0.776438
0.774398
0.772322
0.769124
0.764355
0.758418
0.752457
0.74773
0.745075
0.744698
0.746627
0.750887
0.757068
0.763993
0.769853
0.772986
0.772631
0.769163
0.763802
0.758112
0.753555
0.7513
0.752128
0.756425
0.764142
0.774716
0.786916
0.798855
0.808323
0.813098
0.811533
0.802802
0.787226
0.766425
0.743253
0.721404
0.704665
0.69596
0.696598
0.706155
0.72294
0.74458
0.768674
0.79305
0.815896
0.835872
0.852101
0.864077
0.871559
0.874354
0.87234
0.865563
0.854602
0.840614
0.825133
0.80953
0.79448
0.780032
0.766105
0.752862
0.740802
0.730768
0.723481
0.719178
0.717312
0.716855
0.716999
0.717898
0.72097
0.728
0.739502
0.753807
0.767871
0.779011
0.785819
0.788384
0.787894
0.786232
0.785335
0.786512
0.790125
0.795609
0.801767
0.807148
0.810593
0.811535
0.810507
0.809059
0.808953
0.810962
0.814152
0.816319
0.815126
0.808884
0.797
0.779965
0.759324
0.737363
0.716651
0.699687
0.688495
0.684427
0.687959
0.698646
0.715245
0.736035
0.758882
0.781622
0.802171
0.818814
0.830371
0.836224
0.836439
0.831705
0.823282
0.812792
0.801838
0.791753
0.783423
0.777174
0.773057
0.771057
0.771148
0.77323
0.776944
0.781437
0.785583
0.788175
0.788535
0.78696
0.784669
0.783202
0.783553
0.785583
0.788385
0.790817
0.791973
0.791266
0.788355
0.78311
0.775781
0.76703
0.757907
0.749597
0.743181
0.739178
0.737396
0.737005
0.736898
0.736134
0.734231
0.731156
0.727369
0.723618
0.720731
0.719397
0.720117
0.723057
0.727929
0.734146
0.741058
0.74804
0.754774
0.761197
0.767473
0.773809
0.78027
0.786735
0.792848
0.798118
0.80205
0.804182
0.804087
0.801616
0.796869
0.790411
0.783173
0.776034
0.769312
0.762781
0.756381
0.750789
0.747196
0.746488
0.748432
0.75177
0.755004
0.757159
0.758173
0.758849
0.76039
0.763729
0.769011
0.775416
0.781633
0.786879
0.791194
0.795054
0.798496
0.80058
0.799802
0.795266
0.78738
0.777736
0.76849
0.761911
0.759939
0.76386
0.773878
0.788935
0.806891
0.825196
0.841433
0.853583
0.860138
0.860134
0.853315
0.840158
0.821906
0.800301
0.777388
0.75519
0.735563
0.719865
0.708692
0.701735
0.697952
0.696144
0.695406
0.695367
0.695951
0.697254
0.699702
0.704372
0.712958
0.726784
0.745763
0.76837
0.792581
0.816347
0.837606
0.854179
0.864006
0.865524
0.85825
0.843101
0.822283
0.798945
0.776313
0.757081
0.743088
0.735439
0.734538
0.740203
0.751667
0.767371
0.785041
0.80188
0.815064
0.822261
0.821969
0.813831
0.798782
0.779152
0.758337
0.740052
0.727521
0.722723
0.726139
0.736822
0.75284
0.771779
0.791103
0.808591
0.822537
0.831847
0.836098
0.835556
0.830913
0.823095
0.81299
0.801365
0.788848
0.776011
0.763412
0.751669
0.741378
0.733062
0.727034
0.723315
0.721886
0.722905
0.726764
0.733829
0.744082
0.756851
0.770985
0.785016
0.797539
0.807542
0.814484
0.818427
0.819807
0.819128
0.816662
0.812304
0.805805
0.797013
0.786223
0.774187
0.762096
0.751454
0.743911
0.740909
0.743115
0.749971
0.759689
0.769922
0.778572
0.784471
0.787431
0.787945
0.786816
0.784866
0.782906
0.781719
0.781972
0.784155
0.788476
0.79495
0.80321
0.812352
0.820807
0.826506
0.827486
0.822719
0.812549
0.798685
0.783618
0.769903
0.759469
0.753164
0.750577
0.750467
0.751279
0.751758
0.751278
0.749878
0.748098
0.746707
0.746566
0.748423
0.752848
0.76008
0.770008
0.781952
0.794632
0.806041
0.81393
0.816342
0.812139
0.801377
0.78537
0.766583
0.748035
0.732706
0.722954
0.719941
0.723553
0.73239
0.744219
0.756567
0.767317
0.77521
0.780123
0.78287
0.784838
0.787351
0.791112
0.796027
0.801428
0.806259
0.809431
0.810134
0.80818
0.804045
0.798819
0.793862
0.790298
0.788816
0.78957
0.792321
0.796746
0.802475
0.809008
0.81557
0.821117
0.824432
0.824334
0.820026
0.811255
0.798537
0.783086
0.766678
0.751248
0.738466
0.729343
0.72407
0.722038
0.722117
0.723013
0.723639
0.72343
0.722409
0.721219
0.720922
0.722662
0.727303
0.735132
0.745752
0.758116
0.770751
0.782017
0.790401
0.794805
0.794898
0.791028
0.78413
0.775379
0.765878
0.756432
0.747654
0.739953
0.733806
0.729779
0.728489
0.730427
0.735712
0.743989
0.754385
0.765635
0.776432
0.78555
0.792122
0.795712
0.79634
0.794409
0.790529
0.785443
0.780025
0.775266
0.77219
0.771634
0.773871
0.778589
0.785048
0.79221
0.798846
0.803779
0.806061
0.805096
0.801143
0.795394
0.789647
0.785432
0.783208
0.782413
0.782196
0.782108
0.782104
0.782338
0.782878
0.783744
0.784895
0.786304
0.787935
0.789634
0.791023
0.791704
0.791377
0.789957
0.787599
0.784663
0.781684
0.779367
0.778076
0.77733
0.775896
0.772304
0.765867
0.757363
0.748889
0.743113
0.741898
0.745403
0.752079
0.759496
0.765432
0.768495
0.768207
0.764821
0.75927
0.753071
0.748032
0.745693
0.746884
0.751442
0.758487
0.766854
0.775554
0.783959
0.791731
0.798528
0.803832
0.80677
0.806402
0.802193
0.794379
0.784172
0.773539
0.764609
0.75906
0.757816
0.760976
0.768035
0.778056
0.789865
0.80215
0.813637
0.823008
0.829037
0.830684
0.827319
0.818973
0.806573
0.791844
0.77699
0.764132
0.754787
0.749592
0.748311
0.749939
0.753064
0.756238
0.758261
0.758451
0.7568
0.753929
0.750784
0.748387
0.747355
0.74767
0.748723
0.749673
0.749857
0.749082
0.747711
0.746523
0.746336
0.747927
0.752125
0.759823
0.771396
0.786091
0.801887
0.815973
0.825814
0.829807
0.827438
0.81918
0.806253
0.79061
0.77446
0.760043
0.74928
0.743382
0.74273
0.746624
0.753564
0.761496
0.768416
0.773036
0.775135
0.775509
0.775428
0.776026
0.777916
0.781186
0.785596
0.790726
0.796111
0.801093
0.805062
0.807514
0.808277
0.807609
0.805986
0.803873
0.801538
0.798924
0.795743
0.791538
0.785889
0.778521
0.769398
0.758702
0.746881
0.734714
0.723391
0.714563
0.710009
0.710956
0.717526
0.728504
0.741688
0.754357
0.763863
0.768155
0.766245
0.758573
0.747145
0.73521
0.726217
0.722402
0.724115
0.730131
0.738512
0.747522
0.75588
0.762743
0.767578
0.770069
0.770309
0.768829
0.766563
0.764746
0.764578
0.766859
0.771886
0.779376
0.78862
0.798615
0.808116
0.815751
0.820221
0.820604
0.816699
0.809056
0.798962
0.787981
0.777452
0.76789
0.758847
0.749423
0.739009
0.72794
0.717579
0.709895
0.706748
0.709455
0.718454
0.733163
0.751957
0.772417
0.791849
0.807904
0.819149
0.825154
0.826205
0.822987
0.793597
0.784841
0.774671
0.763895
0.753482
0.744498
0.737973
0.734832
0.735632
0.740381
0.748476
0.758768
0.769953
0.780951
0.791067
0.799941
0.80742
0.813205
0.816888
0.817846
0.815438
0.809248
0.799294
0.786273
0.77163
0.757416
0.745861
0.738838
0.737422
0.741617
0.750402
0.762019
0.774383
0.785427
0.793307
0.796688
0.794948
0.788133
0.776993
0.762867
0.747519
0.732797
0.720276
0.711175
0.706403
0.706598
0.711884
0.721786
0.735201
0.750389
0.765244
0.777668
0.786104
0.789905
0.789567
0.786588
0.782996
0.780595
0.780384
0.782416
0.785946
0.789814
0.792829
0.794026
0.792696
0.788301
0.780383
0.768738
0.753651
0.736337
0.718857
0.703751
0.693237
0.688679
0.690522
0.698544
0.712061
0.730014
0.750942
0.77304
0.794397
0.81333
0.82875
0.840213
0.847913
0.852196
0.853163
0.850542
0.843957
0.833491
0.820031
0.805186
0.790721
0.777918
0.767
0.757394
0.748412
0.739903
0.732437
0.727041
0.724506
0.72493
0.727762
0.731999
0.736636
0.740896
0.744347
0.746839
0.748417
0.749044
0.748527
0.746548
0.742819
0.737317
0.730453
0.723153
0.716732
0.712585
0.711867
0.715166
0.722328
0.732463
0.744155
0.755727
0.765629
0.772755
0.776628
0.777397
0.775629
0.772097
0.767532
0.762414
0.757198
0.752372
0.748628
0.746936
0.748305
0.753437
0.762229
0.773626
0.785699
0.796084
0.802538
0.80354
0.798532
0.788287
0.774649
0.760131
0.747325
0.738329
0.734373
0.735761
0.742123
0.752587
0.766005
0.781167
0.796814
0.81168
0.824436
0.833827
0.838875
0.839137
0.834846
0.826633
0.815417
0.802147
0.78761
0.772281
0.756466
0.740517
0.72509
0.711312
0.70057
0.694226
0.693241
0.697905
0.707718
0.721467
0.737306
0.753079
0.766571
0.775974
0.780335
0.779753
0.775337
0.768871
0.7622
0.756845
0.753773
0.753336
0.755285
0.758797
0.762654
0.765547
0.766564
0.76561
0.763455
0.761343
0.760412
0.76116
0.763525
0.76724
0.771979
0.777258
0.782247
0.785928
0.787449
0.78642
0.783123
0.778342
0.773159
0.76876
0.766265
0.766638
0.770547
0.778171
0.789051
0.802037
0.815557
0.8278
0.837074
0.84216
0.84237
0.837563
0.828225
0.815358
0.800303
0.78451
0.769277
0.755626
0.744326
0.736002
0.731115
0.729849
0.731921
0.736486
0.742196
0.747517
0.751031
0.75161
0.748755
0.742577
0.733773
0.723419
0.712696
0.702674
0.694183
0.687872
0.684272
0.683794
0.686709
0.693041
0.702385
0.713928
0.726483
0.738689
0.74945
0.758195
0.765
0.770406
0.775103
0.779621
0.784297
0.789313
0.794688
0.800444
0.806513
0.812582
0.818061
0.822041
0.823681
0.822349
0.818004
0.811235
0.803118
0.795246
0.789224
0.78573
0.783525
0.779719
0.77136
0.757057
0.737448
0.714636
0.691849
0.673475
0.664943
0.671037
0.692659
0.725297
0.761501
0.7947
0.821007
0.839018
0.848992
0.852126
0.849968
0.843947
0.83522
0.824627
0.81282
0.800386
0.787884
0.77592
0.765048
0.755669
0.748106
0.742633
0.739501
0.738906
0.740741
0.744496
0.749493
0.75502
0.760519
0.765679
0.770248
0.773891
0.77605
0.776062
0.773377
0.76784
0.75986
0.750399
0.740733
0.73212
0.725381
0.72087
0.718491
0.717951
0.71913
0.722222
0.727703
0.735996
0.746998
0.759869
0.773244
0.785605
0.795694
0.802739
0.806419
0.806639
0.803388
0.796671
0.786726
0.774366
0.76118
0.749339
0.741271
0.739129
0.744088
0.755948
0.772977
0.792195
0.810164
0.823626
0.830103
0.82842
0.818891
0.803217
0.784056
0.764438
0.746869
0.732819
0.722793
0.71672
0.714208
0.714566
0.716665
0.71923
0.721242
0.722153
0.721938
0.720948
0.719783
0.719191
0.719849
0.722153
0.72621
0.731852
0.738909
0.747296
0.756886
0.76745
0.778489
0.789204
0.798728
0.806396
0.811822
0.814864
0.815418
0.813412
0.808711
0.801343
0.791517
0.779763
0.76697
0.754416
0.74362
0.735944
0.732302
0.732852
0.736984
0.743485
0.750859
0.757677
0.762816
0.76564
0.765975
0.764119
0.760673
0.756522
0.752729
0.750413
0.750661
0.754207
0.760998
0.769932
0.779031
0.786015
0.788884
0.786253
0.777569
0.763121
0.744128
0.722649
0.7014
0.683258
0.670948
0.666461
0.670557
0.682585
0.700544
0.721509
0.742435
0.760773
0.77492
0.784181
0.78857
0.788525
0.784707
0.777995
0.769491
0.760382
0.751765
0.74451
0.739167
0.735989
0.735005
0.735946
0.738153
0.740631
0.742346
0.742639
0.741628
0.740264
0.740004
0.742265
0.748014
0.75766
0.771117
0.787843
0.806807
0.8265
0.845053
0.860453
0.87075
0.874316
0.870083
0.85788
0.838582
0.81408
0.787054
0.760605
0.737668
0.720413
0.709742
0.705098
0.704616
0.705801
0.706266
0.704428
0.699866
0.693459
0.68701
0.682676
0.682134
0.685974
0.693808
0.704778
0.718058
0.733026
0.749023
0.76524
0.780873
0.795195
0.807447
0.816803
0.822466
0.824231
0.822733
0.819426
0.815865
0.812987
0.810723
0.808329
0.804976
0.800109
0.793763
0.786398
0.778457
0.770071
0.760996
0.750928
0.739859
0.7284
0.717764
0.709755
0.706318
0.70903
0.718354
0.733285
0.751476
0.769831
0.785316
0.7956
0.799483
0.797066
0.789863
0.780434
0.771823
0.76694
0.767673
0.774193
0.784856
0.796812
0.806984
0.813025
0.813735
0.809285
0.80101
0.790867
0.781038
0.773288
0.768566
0.766909
0.76756
0.769264
0.770668
0.770711
0.768798
0.764989
0.759927
0.754657
0.750159
0.746722
0.743632
0.739397
0.732628
0.722927
0.711254
0.699739
0.690819
0.686517
0.687871
0.694793
0.706183
0.72031
0.735213
0.749135
0.76083
0.769651
0.775554
0.778916
0.780532
0.781476
0.783043
0.786392
0.792053
0.799727
0.808418
0.816864
0.82369
0.827647
0.827655
0.822857
0.812649
0.797075
0.77718
0.755196
0.734365
0.718195
0.709443
0.709287
0.717023
0.730444
0.746739
0.763212
0.777912
0.789998
0.799638
0.807504
0.814245
0.819809
0.823334
0.823503
0.819108
0.809431
0.794441
0.77484
0.751957
0.727529
0.703526
0.681795
0.663933
0.651126
0.644105
0.643231
0.648534
0.659698
0.67621
0.697303
0.721809
0.748174
0.774421
0.798452
0.818485
0.833384
0.842661
0.846458
0.845455
0.840738
0.833547
0.824968
0.815663
0.805604
0.794303
0.781193
0.765958
0.748795
0.730622
0.713312
0.699753
0.69339
0.697093
0.711617
0.735267
0.764837
0.796955
0.828547
0.856547
0.877692
0.889003
0.888774
0.877392
0.857559
0.833575
0.809736
0.788835
0.771848
0.758534
0.748487
0.741338
0.736784
0.734567
0.734382
0.735685
0.737474
0.738438
0.737152
0.732498
0.723989
0.712114
0.698389
0.685223
0.675632
0.672504
0.677703
0.691342
0.711646
0.735454
0.759192
0.779858
0.795746
0.806627
0.813391
0.817509
0.820425
0.823157
0.826184
0.829473
0.832533
0.834621
0.834861
0.832457
0.827063
0.818906
0.808595
0.79686
0.784279
0.771192
0.757882
0.744765
0.732546
0.722059
0.713965
0.708402
0.704998
0.703146
0.702401
0.702788
0.704682
0.708442
0.714053
0.721118
0.729025
0.737233
0.745368
0.753227
0.760674
0.767514
0.773322
0.777504
0.779346
0.778402
0.774543
0.768043
0.759467
0.749475
0.738933
0.729027
0.721205
0.716947
0.717243
0.722076
0.730255
0.739614
0.747603
0.751977
0.751311
0.74544
0.735627
0.724565
0.715989
0.713619
0.719532
0.732982
0.750754
0.768668
0.783325
0.792925
0.797309
0.797507
0.795153
0.79199
0.789363
0.787904
0.78742
0.787242
0.78661
0.785174
0.783171
0.781245
0.780135
0.780445
0.782514
0.786513
0.792256
0.798942
0.805101
0.808849
0.808271
0.801975
0.789798
0.773188
0.755186
0.739745
0.730269
0.728293
0.733129
0.742692
0.75447
0.766224
0.776276
0.783605
0.787785
0.788884
0.787262
0.783426
0.777914
0.771432
0.764957
0.759821
0.757392
0.758475
0.762808
0.769017
0.775011
0.778644
0.778443
0.774029
0.766138
0.756367
0.7467
0.738921
0.734206
0.732822
0.734093
0.736751
0.739291
0.740478
0.739717
0.737238
0.733894
0.73081
0.728765
0.727834
0.727575
0.727599
0.728162
0.730246
0.735061
0.743346
0.754715
0.767568
0.77968
0.788951
0.793928
0.794143
0.789978
0.782506
0.773236
0.763731
0.75536
0.74896
0.744652
0.741956
0.740107
0.738568
0.73738
0.7372
0.738992
0.743536
0.751061
0.760995
0.772137
0.783052
0.792513
0.799771
0.804619
0.807251
0.808006
0.807105
0.804555
0.800249
0.794145
0.78642
0.777798
0.769578
0.763412
0.760577
0.761238
0.764023
0.766346
0.76551
0.759832
0.74942
0.73624
0.723371
0.713977
0.71042
0.713601
0.72285
0.736268
0.751153
0.764697
0.774603
0.779642
0.779907
0.776913
0.773324
0.772218
0.776126
0.78599
0.800573
0.81684
0.831075
0.840078
0.841889
0.835965
0.823103
0.805123
0.784527
0.764161
0.746707
0.734061
0.726785
0.724136
0.724513
0.726357
0.728733
0.731286
0.733952
0.736587
0.738847
0.74032
0.740697
0.739923
0.738205
0.735879
0.733239
0.730297
0.726673
0.721959
0.7159
0.708678
0.701016
0.694082
0.689292
0.687882
0.690672
0.697909
0.709273
0.723967
0.74095
0.759011
0.776877
0.793367
0.807534
0.818638
0.826282
0.830385
0.831165
0.829168
0.825241
0.820379
0.815478
0.811151
0.807511
0.804423
0.801602
0.798818
0.796012
0.793147
0.789974
0.785951
0.780411
0.772858
0.763253
0.752176
0.740576
0.729452
0.719596
0.711324
0.704754
0.699907
0.696912
0.695925
0.697141
0.700648
0.70647
0.714458
0.724289
0.735384
0.746952
0.758019
0.767587
0.774881
0.779508
0.781599
0.78166
0.780447
0.77864
0.776653
0.774619
0.77258
0.770655
0.769108
0.768378
0.768942
0.771197
0.775229
0.780742
0.787015
0.792991
0.797493
0.799355
0.797672
0.791836
0.781602
0.767107
0.748886
0.728072
0.706528
0.686798
0.671701
0.663764
0.664475
0.673911
0.690673
0.820967
0.841538
0.858232
0.869836
0.876247
0.877865
0.875217
0.86873
0.859125
0.847685
0.836048
0.825667
0.817214
0.810637
0.805524
0.801601
0.799126
0.798651
0.800831
0.80582
0.812961
0.820799
0.827668
0.832078
0.833036
0.830209
0.82376
0.814379
0.803259
0.791986
0.782304
0.775762
0.773399
0.775615
0.782124
0.791952
0.803638
0.815276
0.825006
0.831589
0.834751
0.835182
0.834137
0.832461
0.830236
0.826835
0.821533
0.814229
0.805965
0.798964
0.796016
0.799238
0.808913
0.823356
0.839762
0.85534
0.868011
0.876533
0.880305
0.879205
0.873491
0.863638
0.850365
0.834591
0.817559
0.800702
0.785503
0.773237
0.764833
0.760693
0.760623
0.764014
0.770091
0.778266
0.788384
0.80058
0.814973
0.831183
0.848059
0.863645
0.875564
0.881552
0.880108
0.871044
0.855609
0.836399
0.816832
0.800266
0.789091
0.784
0.784085
0.787458
0.791996
0.796172
0.799503
0.802665
0.807082
0.814183
0.824357
0.836395
0.84774
0.855739
0.858662
0.856241
0.849338
0.83914
0.826465
0.81168
0.795159
0.777789
0.76118
0.747323
0.738079
0.734512
0.736888
0.7448
0.757432
0.77374
0.792399
0.811808
0.83023
0.846001
0.857808
0.864842
0.866895
0.864344
0.857959
0.848805
0.838017
0.826758
0.816049
0.806801
0.799808
0.7957
0.79496
0.797726
0.803621
0.811673
0.820501
0.828621
0.834739
0.838042
0.838457
0.836554
0.833439
0.830387
0.82832
0.827414
0.827124
0.826603
0.825122
0.822295
0.817982
0.81235
0.805747
0.798762
0.792254
0.787276
0.784937
0.78615
0.791491
0.801015
0.814256
0.830195
0.847354
0.863787
0.877377
0.886149
0.888646
0.884238
0.872993
0.855659
0.833596
0.808633
0.782896
0.758684
0.738235
0.723638
0.716654
0.718335
0.728579
0.745981
0.767941
0.791263
0.812802
0.830104
0.841704
0.847194
0.847091
0.842567
0.835114
0.8263
0.817708
0.810968
0.807636
0.808664
0.813771
0.821485
0.829676
0.836495
0.84106
0.843689
0.845715
0.848893
0.854668
0.863806
0.87608
0.890279
0.904231
0.915075
0.919837
0.916267
0.903584
0.882795
0.8565
0.828275
0.802061
0.781188
0.767723
0.761999
0.762571
0.766752
0.771606
0.774826
0.775228
0.772824
0.768403
0.763063
0.757881
0.753801
0.751581
0.751788
0.754724
0.760162
0.767389
0.775385
0.783192
0.790461
0.797816
0.806292
0.816862
0.829561
0.843284
0.856145
0.866153
0.871919
0.872976
0.869924
0.864144
0.857069
0.849791
0.842891
0.836524
0.830565
0.824899
0.819663
0.815494
0.813382
0.814406
0.81925
0.827886
0.839304
0.851647
0.862606
0.869963
0.872132
0.868523
0.8595
0.846229
0.830172
0.812885
0.79594
0.781053
0.770398
0.76642
0.770913
0.783732
0.802493
0.823565
0.843382
0.859315
0.8697
0.873795
0.87158
0.863661
0.851174
0.835595
0.818427
0.800999
0.784382
0.769333
0.756498
0.746641
0.740737
0.739779
0.744259
0.753706
0.766844
0.78203
0.797726
0.812632
0.825704
0.836301
0.844147
0.849476
0.852808
0.854494
0.854595
0.852824
0.848855
0.84285
0.83568
0.828728
0.823348
0.820179
0.818814
0.81817
0.817283
0.815777
0.814007
0.812718
0.812464
0.813383
0.815181
0.817224
0.818857
0.81971
0.819754
0.819459
0.819461
0.820181
0.821728
0.823839
0.826175
0.82855
0.831061
0.834077
0.83796
0.842714
0.847842
0.852432
0.855293
0.85551
0.852603
0.8466
0.837832
0.826919
0.81466
0.801906
0.789365
0.777626
0.767147
0.75853
0.752599
0.750268
0.752384
0.759419
0.771133
0.786454
0.803413
0.819481
0.832048
0.839123
0.839845
0.834622
0.825053
0.813435
0.802336
0.79399
0.789969
0.791044
0.797398
0.808678
0.823919
0.841602
0.85985
0.876946
0.891561
0.902717
0.909603
0.911503
0.907728
0.897867
0.881921
0.860626
0.835351
0.808008
0.780803
0.755943
0.735431
0.720988
0.713768
0.714159
0.721704
0.735355
0.753765
0.775546
0.799355
0.823941
0.848047
0.870325
0.889219
0.903142
0.910959
0.912425
0.908187
0.899267
0.886539
0.870673
0.852656
0.834347
0.818506
0.807887
0.804064
0.806352
0.812056
0.817771
0.820927
0.820742
0.81813
0.814678
0.811681
0.809574
0.808192
0.807325
0.807066
0.807722
0.809485
0.812256
0.815476
0.818335
0.820046
0.819916
0.817542
0.812796
0.8059
0.797382
0.78807
0.779205
0.772305
0.768801
0.769664
0.77492
0.783564
0.793818
0.803822
0.812012
0.81759
0.820378
0.820575
0.818391
0.813961
0.807281
0.798711
0.789258
0.780764
0.775554
0.775635
0.781595
0.792333
0.805921
0.820766
0.835968
0.850913
0.864762
0.876419
0.884945
0.889801
0.89084
0.888084
0.881626
0.871491
0.857825
0.84102
0.821776
0.801432
0.781768
0.764563
0.75104
0.741635
0.736391
0.735336
0.738656
0.746633
0.759192
0.775507
0.794014
0.812767
0.829889
0.844056
0.854516
0.861195
0.864507
0.865259
0.8643
0.862208
0.85905
0.854578
0.848549
0.841258
0.833754
0.827558
0.82403
0.823661
0.825731
0.828792
0.831422
0.832954
0.833567
0.83401
0.834927
0.836393
0.837737
0.837966
0.836341
0.832742
0.827565
0.821391
0.814735
0.807975
0.80151
0.795829
0.791247
0.787893
0.785711
0.784828
0.785777
0.789433
0.796568
0.807234
0.820424
0.834489
0.847592
0.85814
0.865014
0.867579
0.865626
0.859397
0.849618
0.83738
0.82404
0.81101
0.799664
0.791239
0.786741
0.786878
0.791765
0.800686
0.812129
0.824196
0.835403
0.845158
0.853701
0.861402
0.86796
0.872052
0.872026
0.866896
0.856932
0.84354
0.828714
0.814265
0.801249
0.789945
0.780146
0.771711
0.764911
0.760429
0.758861
0.760207
0.763641
0.767845
0.771678
0.774726
0.777477
0.781006
0.786499
0.794658
0.805392
0.817761
0.830162
0.840709
0.847732
0.85032
0.848733
0.844455
0.839806
0.837361
0.839064
0.845597
0.855976
0.867961
0.878868
0.88641
0.889205
0.88678
0.879202
0.866874
0.850409
0.830812
0.809602
0.788867
0.771075
0.75867
0.753675
0.757082
0.768627
0.786881
0.809743
0.834872
0.860067
0.883299
0.90274
0.916644
0.923424
0.921831
0.91149
0.893409
0.87038
0.846657
0.826716
0.813545
0.807541
0.806777
0.808057
0.808337
0.805644
0.799378
0.790234
0.779672
0.769154
0.759701
0.751881
0.746126
0.74297
0.742969
0.746581
0.754244
0.766301
0.782772
0.803091
0.825836
0.848784
0.869528
0.885961
0.896704
0.901208
0.899673
0.892578
0.88058
0.864296
0.844534
0.822425
0.799479
0.777436
0.757929
0.742137
0.730619
0.723476
0.720565
0.721809
0.7272
0.73667
0.749716
0.76527
0.781732
0.797223
0.809875
0.818226
0.821636
0.820542
0.816579
0.812128
0.809593
0.81066
0.815923
0.824815
0.83586
0.847079
0.85626
0.861452
0.861352
0.855792
0.845828
0.833721
0.822578
0.815714
0.815765
0.82379
0.838824
0.858268
0.878769
0.897204
0.911198
0.919294
0.92083
0.915769
0.904541
0.887758
0.86633
0.841578
0.815302
0.789665
0.766801
0.748421
0.735676
0.7294
0.730313
0.738876
0.754905
0.777034
0.802762
0.829081
0.85319
0.872901
0.886768
0.893862
0.893715
0.886492
0.873097
0.85517
0.834955
0.815005
0.797699
0.784856
0.777345
0.775029
0.776907
0.781468
0.787105
0.792432
0.79636
0.798143
0.797399
0.79417
0.788934
0.782539
0.776063
0.770737
0.767709
0.767881
0.771735
0.779371
0.790396
0.803876
0.818191
0.831227
0.84087
0.845665
0.845271
0.840539
0.833374
0.82621
0.821311
0.820224
0.823634
0.831386
0.842646
0.856109
0.870015
0.882355
0.891066
0.894369
0.891103
0.881097
0.865448
0.846459
0.827129
0.810385
0.798262
0.791249
0.78841
0.787927
0.788037
0.787564
0.786149
0.784177
0.782468
0.781885
0.782898
0.785436
0.788989
0.792895
0.79653
0.799282
0.800466
0.799372
0.795488
0.788961
0.780972
0.773638
0.769379
0.769953
0.775747
0.785758
0.798268
0.81141
0.823795
0.834776
0.844254
0.852425
0.859529
0.86591
0.87198
0.878234
0.884801
0.891016
0.895384
0.896249
0.892588
0.884344
0.87232
0.857576
0.841189
0.824211
0.807726
0.792986
0.781145
0.773019
0.76876
0.767918
0.769587
0.772646
0.776116
0.779363
0.782125
0.7844
0.786304
0.788059
0.790304
0.794069
0.800525
0.810527
0.824062
0.840029
0.856443
0.870798
0.880688
0.884229
0.880425
0.869358
0.852394
0.832091
0.811777
0.794824
0.783751
0.779448
0.781259
0.787672
0.796928
0.807408
0.817773
0.827007
0.834422
0.839882
0.84382
0.847077
0.850591
0.855039
0.860641
0.866988
0.872989
0.877177
0.878146
0.874798
0.866374
0.852679
0.834264
0.812637
0.790163
0.769519
0.753055
0.742248
0.737562
0.738588
0.744362
0.753549
0.76456
0.7758
0.785943
0.79426
0.800757
0.806096
0.811096
0.81632
0.821855
0.8274
0.832414
0.836296
0.838464
0.838507
0.836157
0.831375
0.82456
0.8166
0.808793
0.802675
0.799853
0.801609
0.808576
0.820313
0.83535
0.851711
0.867343
0.88043
0.889467
0.893542
0.892477
0.886601
0.876369
0.862244
0.845035
0.826589
0.810117
0.799652
0.798363
0.806882
0.822546
0.840449
0.855329
0.863277
0.862371
0.852514
0.835124
0.812679
0.788347
0.765425
0.746953
0.735351
0.732243
0.738223
0.752517
0.772736
0.795166
0.815831
0.831573
0.840982
0.844477
0.843725
0.840866
0.837657
0.835031
0.833067
0.831378
0.82972
0.828394
0.828119
0.829759
0.833926
0.840615
0.849168
0.858437
0.867097
0.873852
0.877759
0.878145
0.874715
0.867731
0.858059
0.847159
0.83675
0.828266
0.82234
0.818815
0.817032
0.81612
0.815197
0.813629
0.811085
0.807394
0.802469
0.796167
0.788454
0.779668
0.770832
0.763753
0.760645
0.763439
0.773105
0.789057
0.809166
0.830343
0.849317
0.863371
0.870747
0.870845
0.863954
0.851173
0.834083
0.814625
0.795023
0.777692
0.764914
0.758486
0.759245
0.766782
0.779589
0.79552
0.812364
0.828172
0.812466
0.823283
0.831532
0.837635
0.842418
0.846721
0.850958
0.854732
0.856988
0.856597
0.852897
0.846157
0.837628
0.829075
0.822186
0.81788
0.815966
0.815166
0.813648
0.809736
0.80246
0.791922
0.779409
0.767141
0.757747
0.753566
0.755991
0.765061
0.77931
0.796243
0.813074
0.827371
0.837312
0.841867
0.840796
0.834719
0.824998
0.813308
0.801207
0.789956
0.780601
0.77442
0.772918
0.777149
0.786557
0.798609
0.810015
0.818308
0.822489
0.822989
0.820907
0.817209
0.812216
0.805644
0.797295
0.787688
0.778096
0.770133
0.765065
0.763504
0.765492
0.770802
0.779231
0.790603
0.804612
0.820738
0.838059
0.855347
0.871026
0.883245
0.890228
0.890842
0.884895
0.873286
0.857747
0.840292
0.822713
0.806479
0.792733
0.782329
0.775743
0.772924
0.773303
0.776044
0.780368
0.785656
0.791316
0.79669
0.801116
0.804037
0.805002
0.803996
0.801344
0.797823
0.794526
0.792571
0.792674
0.794871
0.798476
0.802479
0.805958
0.808236
0.808933
0.807734
0.80437
0.798683
0.790875
0.781836
0.773172
0.766837
0.764387
0.766313
0.771775
0.779152
0.786676
0.793011
0.797466
0.799963
0.800721
0.800141
0.798265
0.794819
0.789321
0.781193
0.770129
0.756723
0.743381
0.734518
0.734817
0.746205
0.766519
0.791271
0.816386
0.83932
0.858868
0.87437
0.885083
0.889917
0.887835
0.878292
0.861685
0.839572
0.814572
0.790107
0.770015
0.757735
0.755555
0.764048
0.781848
0.805921
0.832154
0.856188
0.874332
0.884113
0.884626
0.876374
0.860779
0.839786
0.815521
0.790332
0.766747
0.747368
0.73454
0.729812
0.733524
0.744606
0.760722
0.778706
0.795375
0.808282
0.816252
0.819498
0.819239
0.817166
0.814632
0.81218
0.809389
0.805271
0.798888
0.790015
0.779607
0.769775
0.763179
0.76195
0.76672
0.776147
0.787352
0.797033
0.802762
0.803808
0.801322
0.797801
0.796225
0.79898
0.806971
0.819297
0.833536
0.846524
0.855215
0.857424
0.852221
0.84004
0.822435
0.801646
0.780197
0.76058
0.745052
0.735264
0.731761
0.733994
0.740784
0.751096
0.764231
0.779398
0.795489
0.811491
0.827038
0.842332
0.857512
0.872071
0.884609
0.893379
0.896925
0.894624
0.886793
0.874671
0.860033
0.844703
0.830308
0.818285
0.810101
0.807035
0.809518
0.816611
0.82615
0.835553
0.842394
0.844694
0.841096
0.831088
0.815009
0.794116
0.770363
0.745994
0.723123
0.703716
0.689466
0.68173
0.681386
0.688619
0.702774
0.722418
0.745432
0.769281
0.791605
0.81062
0.82522
0.834949
0.839821
0.840129
0.836372
0.829309
0.819896
0.809272
0.7987
0.789472
0.78274
0.779434
0.780116
0.784731
0.79246
0.801766
0.810706
0.817308
0.820097
0.818309
0.812047
0.802316
0.791185
0.781683
0.77719
0.779993
0.789881
0.804099
0.819123
0.832396
0.842967
0.850937
0.85677
0.8608
0.862889
0.862486
0.858794
0.851179
0.839517
0.824403
0.807194
0.789678
0.773939
0.762018
0.75556
0.755527
0.762003
0.774261
0.790689
0.809039
0.826765
0.841389
0.850963
0.854384
0.851515
0.842997
0.830118
0.814616
0.798388
0.783202
0.77045
0.760908
0.754727
0.751619
0.751032
0.752307
0.75468
0.757389
0.759809
0.761599
0.762831
0.764087
0.766407
0.770962
0.778658
0.789749
0.803533
0.818498
0.832811
0.844866
0.853464
0.858126
0.859025
0.856776
0.852148
0.845883
0.838473
0.830197
0.821227
0.811795
0.802483
0.794191
0.788029
0.78471
0.784113
0.785287
0.786778
0.78714
0.785353
0.78088
0.773655
0.763943
0.752414
0.74028
0.729157
0.720677
0.716069
0.715968
0.720297
0.728434
0.739469
0.752514
0.766772
0.781663
0.796719
0.811493
0.825534
0.838354
0.84937
0.858014
0.863905
0.866936
0.867232
0.86525
0.861553
0.856611
0.850752
0.844098
0.83671
0.828741
0.820404
0.812019
0.803839
0.79602
0.788617
0.781744
0.775731
0.771392
0.769939
0.772644
0.780062
0.791411
0.80449
0.816386
0.824431
0.827035
0.82416
0.817222
0.808484
0.800135
0.793696
0.789795
0.788681
0.790428
0.794882
0.801334
0.808401
0.814643
0.81902
0.821007
0.820494
0.817521
0.812319
0.805649
0.798861
0.793511
0.790703
0.790562
0.792534
0.796005
0.800871
0.807399
0.815654
0.824936
0.833711
0.840206
0.842876
0.840811
0.83384
0.822517
0.80816
0.792778
0.778889
0.76894
0.764472
0.765518
0.77072
0.778369
0.78731
0.797098
0.807504
0.817887
0.827048
0.833782
0.837348
0.837693
0.835398
0.831256
0.825889
0.819867
0.813837
0.808601
0.805043
0.803762
0.804875
0.807871
0.81178
0.815521
0.818179
0.81925
0.818596
0.816178
0.811925
0.805571
0.796928
0.786397
0.775499
0.766983
0.763835
0.767402
0.776358
0.787373
0.796971
0.802623
0.803201
0.798832
0.790927
0.781946
0.774995
0.772679
0.776128
0.784495
0.795419
0.805916
0.813275
0.815751
0.812871
0.805547
0.795905
0.786744
0.780808
0.779936
0.784461
0.793215
0.804023
0.814397
0.82197
0.824885
0.822195
0.81416
0.80251
0.790443
0.7818
0.779558
0.784484
0.795111
0.80872
0.822587
0.834684
0.843859
0.84974
0.852506
0.852555
0.850303
0.846081
0.840109
0.832488
0.823363
0.813044
0.802275
0.792359
0.785042
0.782126
0.784713
0.792539
0.804025
0.816738
0.828241
0.836691
0.841105
0.841322
0.838034
0.832575
0.826452
0.820745
0.815783
0.811266
0.806614
0.801307
0.795189
0.788684
0.782745
0.778341
0.775983
0.775343
0.775659
0.77635
0.777306
0.778873
0.781325
0.784427
0.787577
0.79028
0.792507
0.79472
0.797606
0.801397
0.805642
0.809176
0.810623
0.809146
0.804846
0.798681
0.792165
0.786798
0.78383
0.783991
0.787404
0.793607
0.801723
0.810558
0.818954
0.825965
0.830957
0.833614
0.833734
0.831078
0.825419
0.816502
0.804252
0.789021
0.771872
0.754848
0.740713
0.732272
0.731495
0.738612
0.752008
0.768806
0.785585
0.799275
0.80771
0.810015
0.806703
0.799347
0.789929
0.780343
0.771827
0.764963
0.759821
0.75618
0.753657
0.751901
0.750892
0.750865
0.752232
0.755325
0.760402
0.767714
0.777466
0.789653
0.80406
0.820352
0.838052
0.856454
0.874502
0.890981
0.904762
0.914973
0.921083
0.922938
0.920794
0.915301
0.907412
0.898199
0.888581
0.878999
0.869239
0.858349
0.844858
0.827392
0.805251
0.779042
0.750791
0.723719
0.701624
0.687739
0.683687
0.689049
0.701553
0.717867
0.734479
0.748425
0.757835
0.762266
0.762623
0.760921
0.75972
0.761198
0.766438
0.775001
0.785363
0.795932
0.805628
0.81396
0.820637
0.825215
0.826965
0.825321
0.820573
0.814566
0.810413
0.811166
0.818184
0.830563
0.845741
0.860612
0.872522
0.879829
0.881953
0.879232
0.872551
0.86313
0.852231
0.841038
0.830574
0.821681
0.814951
0.810838
0.809466
0.810356
0.812201
0.81299
0.810636
0.803825
0.792736
0.779134
0.766063
0.757052
0.75516
0.762002
0.7771
0.79796
0.820766
0.841273
0.855574
0.860842
0.855589
0.839862
0.81533
0.785478
0.755365
0.730816
0.716975
0.716561
0.728965
0.750753
0.777177
0.803646
0.826587
0.843722
0.854011
0.857489
0.854976
0.847794
0.83748
0.825642
0.813802
0.803353
0.79525
0.789879
0.786931
0.785625
0.784845
0.783657
0.781695
0.779302
0.777405
0.777056
0.778894
0.782662
0.787303
0.791662
0.795153
0.798114
0.80138
0.805604
0.810876
0.816949
0.823661
0.831079
0.839371
0.848352
0.857212
0.864603
0.869143
0.869764
0.866185
0.858934
0.849374
0.83939
0.830924
0.825465
0.823613
0.824968
0.828275
0.832038
0.834764
0.835183
0.832254
0.825225
0.813871
0.798787
0.781722
0.765348
0.752399
0.744699
0.742664
0.745397
0.751091
0.757545
0.762806
0.765928
0.767318
0.768381
0.77087
0.776114
0.78447
0.795291
0.807151
0.818339
0.827374
0.833319
0.835874
0.835282
0.832215
0.827568
0.822208
0.816845
0.812074
0.808331
0.805943
0.805071
0.805505
0.806642
0.80768
0.807942
0.807218
0.805942
0.804995
0.805252
0.807182
0.810575
0.814631
0.818167
0.819922
0.818856
0.814226
0.80559
0.793009
0.777014
0.75872
0.73978
0.722316
0.70866
0.700986
0.70064
0.707703
0.721092
0.73902
0.759504
0.780715
0.800927
0.818623
0.832567
0.842005
0.846848
0.847795
0.846085
0.843131
0.840167
0.837899
0.836487
0.835718
0.835496
0.836038
0.837734
0.840843
0.845012
0.849076
0.851268
0.849646
0.842712
0.829815
0.811341
0.788558
0.763218
0.737144
0.71204
0.689583
0.671801
0.661141
0.660023
0.669909
0.690462
0.71951
0.753791
0.790045
0.825744
0.859172
0.88896
0.913797
0.93249
0.944195
0.94851
0.945657
0.936214
0.921131
0.901623
0.87919
0.855638
0.83293
0.812915
0.796985
0.785989
0.78048
0.780748
0.786323
0.795609
0.806006
0.81469
0.81949
0.81929
0.814167
0.805162
0.793884
0.782149
0.771611
0.763549
0.758769
0.757457
0.759059
0.762548
0.766685
0.770475
0.773269
0.774753
0.775018
0.774576
0.77433
0.775342
0.778449
0.783996
0.791761
0.801125
0.811473
0.822471
0.833935
0.845452
0.856026
0.864108
0.868022
0.866809
0.860888
0.852138
0.843062
0.835404
0.829352
0.823766
0.817119
0.808348
0.79704
0.783505
0.768546
0.753492
0.740158
0.730425
0.725802
0.727147
0.73462
0.747803
0.765788
0.787211
0.810316
0.833123
0.853791
0.870746
0.882693
0.888764
0.88857
0.882332
0.87102
0.856402
0.840963
0.82743
0.818272
0.815115
0.818145
0.826012
0.836363
0.846604
0.854502
0.858331
0.856834
0.849131
0.834727
0.813704
0.787033
0.757123
0.727772
0.703673
0.688888
0.685397
0.692495
0.707526
0.72712
0.748135
0.768142
0.785463
0.799103
0.808601
0.814048
0.816034
0.815487
0.813406
0.810613
0.80754
0.804417
0.801398
0.798617
0.796141
0.793913
0.791832
0.789923
0.788592
0.788655
0.791199
0.797142
0.806607
0.818512
0.830737
0.840556
0.845227
0.842506
0.788952
0.770321
0.746066
0.718939
0.692433
0.66999
0.654487
0.647769
0.650725
0.663213
0.684054
0.711152
0.741891
0.77368
0.804395
0.832505
0.856851
0.876422
0.89039
0.898217
0.899695
0.895197
0.885705
0.872709
0.857949
0.843176
0.829917
0.819206
0.811412
0.806154
0.80229
0.79833
0.792883
0.785344
0.776106
0.766305
0.757276
0.750034
0.744985
0.742024
0.74082
0.74098
0.742205
0.744326
0.747281
0.751141
0.756117
0.762479
0.770421
0.779799
0.789895
0.79945
0.806947
0.810986
0.810838
0.806553
0.799061
0.789894
0.780835
0.773575
0.769275
0.768394
0.77055
0.77459
0.7788
0.781458
0.781158
0.777203
0.769935
0.760774
0.751925
0.745249
0.741232
0.738781
0.735935
0.731111
0.724063
0.716088
0.709723
0.707789
0.712166
0.722751
0.737278
0.752404
0.765151
0.773831
0.778371
0.779904
0.780193
0.780961
0.78341
0.787773
0.793419
0.799177
0.803867
0.806772
0.807762
0.807233
0.805883
0.804277
0.802623
0.80071
0.798088
0.794385
0.78961
0.784227
0.778969
0.774578
0.771421
0.769442
0.768291
0.767568
0.767016
0.766507
0.765844
0.764728
0.762702
0.759349
0.754552
0.748572
0.742103
0.736044
0.731307
0.72881
0.729395
0.733831
0.742532
0.755127
0.770267
0.785987
0.800268
0.811524
0.818855
0.821944
0.820853
0.815976
0.80796
0.797828
0.786954
0.776952
0.769514
0.766286
0.768435
0.776208
0.788713
0.803885
0.81895
0.831163
0.838517
0.84017
0.836521
0.828911
0.819218
0.809068
0.799589
0.791056
0.783234
0.775743
0.76866
0.762924
0.760434
0.763372
0.772853
0.787879
0.805299
0.821087
0.831773
0.835086
0.830172
0.817361
0.797981
0.773988
0.747854
0.722213
0.699768
0.682915
0.673472
0.672193
0.678311
0.689769
0.704035
0.719099
0.734071
0.748959
0.764169
0.780083
0.796706
0.81345
0.828883
0.84112
0.84823
0.848824
0.842458
0.829714
0.812141
0.792026
0.772192
0.755666
0.745176
0.742551
0.748173
0.760779
0.77786
0.79632
0.813274
0.826561
0.834847
0.837637
0.835016
0.827482
0.815766
0.80091
0.784459
0.76842
0.755015
0.746099
0.7426
0.74433
0.750154
0.758408
0.767152
0.774569
0.779336
0.78082
0.779001
0.774421
0.767962
0.760602
0.753281
0.746908
0.74232
0.74025
0.741218
0.745274
0.751906
0.760277
0.769509
0.779006
0.788588
0.798362
0.808467
0.818851
0.829116
0.838367
0.845096
0.847411
0.843553
0.832545
0.814705
0.791651
0.765853
0.74019
0.717413
0.699771
0.688716
0.684714
0.687261
0.695283
0.707564
0.723078
0.740862
0.759798
0.778496
0.795459
0.809487
0.819901
0.826648
0.830318
0.831923
0.832474
0.832644
0.832539
0.831758
0.829664
0.825824
0.82019
0.812945
0.804187
0.793934
0.782586
0.771334
0.76205
0.75661
0.756032
0.759961
0.766742
0.773945
0.779253
0.781133
0.779341
0.774993
0.770117
0.766647
0.765789
0.767913
0.772837
0.779975
0.788352
0.796465
0.802466
0.804836
0.802725
0.796129
0.785695
0.772425
0.75755
0.742563
0.729096
0.718817
0.713168
0.71305
0.71861
0.729186
0.743553
0.760112
0.776926
0.791874
0.802929
0.808685
0.808912
0.804825
0.798747
0.793236
0.790158
0.790073
0.792289
0.795396
0.797996
0.799284
0.799308
0.798993
0.799651
0.802454
0.807755
0.814763
0.821792
0.826676
0.82746
0.823025
0.813661
0.801033
0.787841
0.77681
0.769623
0.766476
0.766573
0.76876
0.772053
0.775615
0.778962
0.781804
0.784037
0.785616
0.786422
0.786507
0.786194
0.78608
0.786652
0.788106
0.790317
0.792815
0.79497
0.796219
0.796252
0.795226
0.793675
0.792345
0.791993
0.793178
0.796113
0.800684
0.806445
0.8128
0.819099
0.824424
0.827452
0.82666
0.820945
0.810038
0.794711
0.776483
0.757143
0.738349
0.7216
0.708181
0.699268
0.695755
0.69789
0.704895
0.715045
0.726115
0.736058
0.743388
0.747298
0.747687
0.745248
0.741494
0.738619
0.739069
0.744851
0.756781
0.773967
0.794062
0.814097
0.831372
0.844052
0.851304
0.853132
0.850121
0.843316
0.833978
0.823353
0.812751
0.803436
0.796658
0.793516
0.794503
0.798784
0.804208
0.807931
0.807483
0.801587
0.790536
0.776072
0.760714
0.747144
0.737425
0.732525
0.732222
0.735412
0.740654
0.746614
0.752263
0.757018
0.760682
0.76349
0.766145
0.769572
0.774667
0.781966
0.791293
0.801651
0.811416
0.818894
0.822712
0.82221
0.817503
0.809337
0.798733
0.786655
0.773799
0.760605
0.747442
0.734791
0.723116
0.712679
0.703502
0.695501
0.688734
0.683648
0.681003
0.681643
0.686237
0.695129
0.708333
0.725574
0.746349
0.769931
0.795338
0.821365
0.846543
0.869332
0.88816
0.9016
0.908572
0.908517
0.901633
0.889119
0.873163
0.856505
0.841628
0.829768
0.820587
0.812472
0.803411
0.791918
0.777501
0.760822
0.743698
0.728775
0.718733
0.715182
0.718014
0.725681
0.736206
0.748077
0.760567
0.773659
0.787684
0.802857
0.818857
0.834696
0.84878
0.859051
0.86353
0.861006
0.851563
0.836819
0.819449
0.802292
0.787493
0.776032
0.767652
0.761266
0.755432
0.748985
0.741495
0.733471
0.726266
0.721698
0.721406
0.726128
0.735163
0.746561
0.757842
0.767045
0.773393
0.7772
0.779413
0.780938
0.782078
0.782564
0.7818
0.779144
0.774258
0.767331
0.75908
0.750535
0.742695
0.736263
0.731794
0.729794
0.730793
0.735406
0.744132
0.756918
0.772864
0.790395
0.807627
0.822893
0.83503
0.843412
0.847945
0.848901
0.846752
0.841989
0.834901
0.825517
0.813794
0.799854
0.784435
0.768989
0.755661
0.746999
0.745125
0.750667
0.762012
0.775558
0.787278
0.794235
0.795434
0.791637
0.784628
0.776244
0.76782
0.76016
0.754042
0.750512
0.750661
0.755238
0.764382
0.777389
0.792584
0.807628
0.82006
0.827971
0.83041
0.827451
0.820018
0.809426
0.796986
0.783721
0.770718
0.75934
0.751134
0.74747
0.748955
0.755158
0.764698
0.775622
0.78583
0.793462
0.797199
0.796475
0.791548
0.783552
0.774385
0.766561
0.762316
0.762749
0.767276
0.773861
0.779916
0.783315
0.783066
0.77928
0.772974
0.76559
0.758807
0.754228
0.753088
0.755957
0.762416
0.771161
0.780365
0.788319
0.793905
0.796647
0.796676
0.794383
0.79031
0.785102
0.779573
0.774696
0.77141
0.770386
0.771622
0.774372
0.777183
0.778375
0.776665
0.77179
0.764684
0.757205
0.751512
0.749351
0.751557
0.757907
0.767314
0.778293
0.789431
0.799817
0.809128
0.817564
0.825447
0.83274
0.838868
0.842822
0.843589
0.840533
0.833652
0.823512
0.811147
0.797856
0.784925
0.773508
0.764297
0.757487
0.75272
0.749311
0.746455
0.74349
0.740263
0.737276
0.735655
0.736749
0.741644
0.750604
0.762958
0.777183
0.791319
0.803525
0.812291
0.816535
0.815708
0.809798
0.799443
0.78608
0.771747
0.75885
0.749696
0.746054
0.749017
0.758697
0.774027
0.792906
0.812809
0.831494
0.847433
0.859768
0.867999
0.871692
0.870404
0.863837
0.852128
0.836008
0.816891
0.796814
0.778208
0.763374
0.753877
0.750016
0.750682
0.753983
0.757887
0.760689
0.761278
0.75918
0.75454
0.747967
0.740394
0.732881
0.726664
0.722956
0.722867
0.727169
0.736082
0.749247
0.765644
0.783756
0.80182
0.818142
0.831157
0.839586
0.842456
0.839442
0.830972
0.818266
0.802934
0.786657
0.770963
0.757084
0.746073
0.738892
0.736471
0.73952
0.74814
0.761499
0.777883
0.795299
0.81199
0.82683
0.839098
0.848116
0.85297
0.852745
0.846846
0.835392
0.81945
0.800994
0.782572
0.766703
0.755283
0.749209
0.74833
0.751646
0.757657
0.764782
0.771876
0.778332
0.78414
0.789534
0.794721
0.799545
0.803572
0.80616
0.806735
0.80523
0.802094
0.798185
0.794269
0.790526
0.786315
0.780568
0.772368
0.761499
0.748557
0.734795
0.7218
0.710906
0.702884
0.697898
0.695785
0.696433
0.69998
0.70673
0.716716
0.72929
0.742973
0.755891
0.766518
0.774346
0.779913
0.784424
0.789313
0.795634
0.803854
0.813609
0.823938
0.833532
0.841021
0.84537
0.845946
0.842481
0.835045
0.824033
0.810149
0.794416
0.778332
0.763744
0.752404
0.745561
0.74372
0.746535
0.75292
0.761183
0.769219
0.775017
0.777291
0.775965
0.772112
0.767633
0.764763
0.765263
0.769994
0.778595
0.78958
0.800887
0.810516
0.817053
0.819919
0.819173
0.815347
0.809169
0.8014
0.792959
0.784899
0.778553
0.775407
0.776762
0.783225
0.794352
0.808612
0.823489
0.835993
0.843281
0.843195
0.834792
0.818601
0.796608
0.771885
0.747958
0.728212
0.715297
0.710807
0.715025
0.72681
0.74373
0.762566
0.779929
0.792859
0.799438
0.799056
0.792327
0.78084
0.766651
0.751952
0.738787
0.72892
0.72371
0.724055
0.730278
0.741987
0.758066
0.776826
0.796259
0.814328
0.829285
0.839774
0.844927
0.844293
0.838037
0.826914
0.812228
0.79565
0.779184
0.764873
0.754545
0.749313
0.749195
0.75323
0.759852
0.767423
0.774473
0.779875
0.782864
0.78301
0.780326
0.775331
0.768986
0.762574
0.757458
0.754968
0.755906
0.760229
0.766913
0.774506
0.781866
0.788507
0.79461
0.800636
0.806984
0.813613
0.819958
0.825092
0.82793
0.827527
0.82316
0.81442
0.801156
0.783666
0.762755
0.739865
0.717057
0.696966
0.68253
0.676504
0.680759
0.695572
0.719312
0.748724
0.779797
0.808479
0.831408
0.846103
0.851105
0.845941
0.831132
0.808076
0.778981
0.746739
0.714729
0.686624
0.666089
0.656327
0.659382
0.675399
0.702244
0.735749
0.770701
0.802125
0.826289
0.841215
0.84664
0.843967
0.835848
0.825478
0.815805
0.808971
0.806052
0.807122
0.811429
0.817452
0.823118
0.826338
0.825465
0.819885
0.809959
0.796854
0.782119
0.767399
0.754366
0.744538
0.739147
0.738851
0.74347
0.751959
0.762644
0.773676
0.783326
0.790442
0.794658
0.796445
0.796899
0.797343
0.798827
0.801727
0.805759
0.810259
0.814555
