-0.360944   0.33778   0.292022
0.0414348   0.362575   0.339776
0.0406514   -0.0996519   0.232718
-0.0602346   0.0999238   -0.430353
0.429542   0.441713   -0.360803
0.232292   0.457173   0.234056
-0.187523   0.463674   -0.39333
-0.0374294   0.166615   0.0266566
-0.149571   -0.390265   -0.0956485
-0.225151   0.352779   0.141456
-0.10619   -0.271137   0.0519887
-0.465611   0.372443   -0.497803
0.329821   0.461638   0.450278
-0.311685   -0.0827743   0.425427
-0.440604   -0.436311   -0.404859
0.228154   0.44307   -0.0224569
0.274312   0.178268   0.147819
0.439666   0.49037   0.181267
-0.351107   -0.476112   0.119894
-0.455398   -0.274017   0.482802
-0.412518   -0.0322716   0.260663
0.0270957   -0.176265   -0.110519
0.317618   -0.160559   0.457575
0.0826799   0.226001   -0.37298
0.0275987   0.121863   0.216474
0.144571   -0.46967   0.419396
0.355209   -0.370629   0.301523
0.497094   -0.0771875   0.440881
-0.0278527   0.0119436   0.3742
-0.0686087   0.481491   -0.234865
-0.257732   -0.264332   -0.356569
-0.143384   -0.446304   0.112614
-0.462948   0.324266   0.0912464
-0.448224   -0.103552   -0.350376
0.170449   0.394083   -0.452291
-0.0464377   -0.10063   -0.410706
-0.278797   -0.139753   -0.0543727
0.117841   -0.144782   -0.322827
-0.238166   -0.0285611   -0.419206
-0.35378   0.128557   0.351772
-0.304484   -0.352764   0.425001
0.126193   0.378278   -0.236102
0.439565   0.343102   0.30051
-0.0103642   0.214302   -0.187258
-0.300417   -0.483193   -0.185518
-0.161845   -0.130852   -0.223544
0.259807   0.234238   -0.451086
-0.32579   0.0866158   -0.273297
0.110125   0.326911   0.127548
0.418086   -0.195213   0.293706
0.425968   -0.226462   -0.0959212
0.468641   0.428698   -0.0674156
0.34044   -0.347288   -0.495113
-0.0969464   -0.0765506   0.0740887
-0.0635965   0.421242   -0.0179752
0.361031   0.124885   0.33296
0.406787   0.220124   -0.0337939
0.0617846   -0.421538   0.0418902
0.28236   -0.172479   0.135116
-0.305286   -0.0231264   0.0896301
0.351477   -0.38708   0.056242
0.177297   -0.275851   0.376987
-0.239674   0.156548   0.104024
0.469199   0.174697   -0.453661
0.225577   -0.0402847   -0.129313
-0.0396492   0.47797   0.44949
-0.486526   -0.492363   0.367165
-0.480001   -0.119777   0.0933819
0.221187   0.160712   -0.229501
-0.263744   0.403795   0.448764
-0.133966   -0.135922   0.396022
-0.11049   0.293128   -0.453872
-0.320268   0.205531   -0.464811
0.229035   0.00721654   0.303021
0.333364   0.00480566   -0.418131
-0.254185   -0.484807   0.292738
-0.359541   -0.220551   0.303045
0.406781   0.0472837   0.106811
0.206604   -0.324424   0.190906
0.230203   0.292588   0.352947
0.423567   -0.394292   -0.185049
-0.289923   -0.313365   0.0204508
0.164766   0.115047   0.449086
-0.216603   -0.156655   0.216117
0.321103   0.380031   -0.201559
0.271352   -0.443953   -0.311801
-0.400153   -0.0765146   -0.180768
0.155773   0.187722   -0.0305137
-0.44855   -0.297635   0.162989
0.124896   -0.113212   0.456526
-0.173172   0.314833   -0.179814
-0.0737812   -0.288501   -0.457487
-0.382284   0.339774   -0.269041
0.109817   -0.362988   -0.408225
-0.00257862   0.0144671   -0.218402
-0.372078   -0.28977   -0.187746
-0.120193   -0.324114   0.302999
-0.062936   -0.311291   -0.259589
-0.236643   0.0447599   -0.103322
0.418404   0.00665805   -0.116048
0.297671   -0.217101   -0.356404
0.193519   -0.303181   -0.0488389
-0.468673   0.165859   0.218395
0.469887   0.195118   -0.23426
-0.168663   0.0531813   0.234692
-0.414751   0.220644   -0.0761074
-0.137622   0.263427   0.276423
0.0511376   -0.46055   0.231857
