           1   -0.413536   -0.413536           0
           2   -0.416359   -0.414947   0.0014117
           3   -0.414958   -0.414951 0.000815052
           4   -0.410804   -0.413914  0.00118607
           5   -0.414662   -0.414064 0.000930834
           6     -0.4178   -0.414687 0.000982575
           7   -0.414499    -0.41466  0.00083086
           8   -0.409632   -0.414031 0.000955401
           9   -0.416583   -0.414315 0.000889026
          10   -0.413983   -0.414282 0.000795862
          11   -0.413736   -0.414232 0.000721593
          12   -0.416294   -0.414404 0.000680762
          13   -0.411354   -0.414169 0.000668719
          14   -0.415775   -0.414284  0.00062965
          15   -0.415819   -0.414386 0.000595043
          16   -0.416604   -0.414525 0.000573612
          17   -0.415545   -0.414585 0.000542148
          18   -0.414768   -0.414595 0.000511243
          19   -0.413802   -0.414553 0.000485387
          20   -0.414723   -0.414562 0.000460557
          21   -0.412858   -0.414481 0.000445523
          22   -0.413635   -0.414442 0.000426524
          23   -0.412462   -0.414356 0.000416549
          24   -0.411915   -0.414254 0.000411584
          25   -0.415711   -0.414313 0.000399055
          26   -0.414214   -0.414309 0.000383419
          27    -0.41614   -0.414377 0.000375123
          28   -0.414217   -0.414371 0.000361523
          29   -0.417464   -0.414478 0.000364772
          30   -0.414475   -0.414478 0.000352403
          31   -0.416839   -0.414554 0.000349253
          32   -0.414766    -0.41456 0.000338228
          33   -0.416666   -0.414624  0.00033397
          34   -0.416602   -0.414682 0.000329178
          35   -0.412685   -0.414625 0.000324689
          36   -0.415432   -0.414648 0.000316336
          37   -0.415604   -0.414674 0.000308751
          38   -0.410693   -0.414569 0.000318249
          39   -0.414315   -0.414562 0.000310049
          40   -0.412853    -0.41452 0.000305205
          41    -0.41567   -0.414548 0.000298989
          42   -0.413438   -0.414521 0.000292976
          43    -0.41242   -0.414472 0.000290226
          44   -0.414722   -0.414478  0.00028361
          45   -0.414228   -0.414472 0.000277292
          46   -0.417816   -0.414545 0.000280767
          47   -0.416127   -0.414579 0.000276782
          48    -0.41673   -0.414624 0.000274635
          49   -0.415153   -0.414634 0.000269189
          50   -0.414783   -0.414637 0.000263767
          51   -0.413638   -0.414618 0.000259284
          52   -0.419241   -0.414707 0.000269347
          53   -0.415173   -0.414715 0.000264363
          54   -0.412869   -0.414681 0.000261666
          55   -0.414481   -0.414678  0.00025689
          56   -0.411543   -0.414622 0.000258396
          57   -0.417702   -0.414676 0.000259513
          58   -0.412043    -0.41463 0.000259009
          59   -0.413937   -0.414619 0.000254852
          60   -0.411017   -0.414559 0.000257658
          61   -0.414003   -0.414549 0.000253562
          62   -0.410426   -0.414483 0.000258155
          63   -0.415754   -0.414503 0.000254824
          64   -0.409998   -0.414433 0.000260504
          65   -0.410736   -0.414376 0.000262694
          66    -0.41128   -0.414329 0.000262901
          67   -0.410232   -0.414268 0.000266068
          68   -0.415728   -0.414289 0.000263004
          69   -0.415351   -0.414305 0.000259621
          70   -0.414451   -0.414307 0.000255894
          71   -0.412764   -0.414285 0.000253198
          72   -0.416311   -0.414313 0.000251238
          73   -0.417216   -0.414353 0.000250943
          74   -0.416823   -0.414386 0.000249769
          75   -0.414397   -0.414386 0.000246417
          76   -0.414273   -0.414385 0.000243157
          77   -0.416203   -0.414409 0.000241137
          78   -0.414688   -0.414412 0.000238052
          79   -0.414338   -0.414411 0.000235022
          80   -0.417522    -0.41445 0.000235302
          81   -0.415885   -0.414468 0.000233052
          82   -0.417001   -0.414499 0.000232256
          83   -0.416215   -0.414519 0.000230371
          84   -0.412097   -0.414491 0.000229431
          85   -0.412926   -0.414472 0.000227462
          86   -0.414862   -0.414477 0.000224847
          87   -0.413144   -0.414461 0.000222775
          88   -0.415535   -0.414474 0.000220566
          89   -0.410769   -0.414432 0.000222012
          90     -0.4153   -0.414442 0.000219743
          91   -0.412222   -0.414417  0.00021868
          92   -0.413084   -0.414403 0.000216775
          93   -0.412981   -0.414387 0.000214975
          94    -0.41745    -0.41442 0.000215158
          95   -0.414427    -0.41442 0.000212881
          96   -0.414841   -0.414424 0.000210697
          97   -0.416276   -0.414444 0.000209386
          98   -0.413915   -0.414438 0.000207309
          99   -0.410832   -0.414402 0.000208412
         100   -0.414503   -0.414403  0.00020632
