0.0128248, 0, 0
0.0384745, 0, 0
0.0641241, 0, 0
0.0897737, 0, 0
0.115423, 0, 0
0.141073, 0, 0
0.166723, 0, 0
0.192372, 0, 0
0.218022, 0, 0
0.243672, 0, 0
0.269321, 0, 0
0.294971, 0, 0
0.32062, 0, 0
0.34627, 0, 0
0.37192, 0, 0
0.397569, 0, 0
0.423219, 0, 0
0.448869, 0, 0
0.474518, 0, 0
0.500168, 0, 0
0.525818, 0, 0
0.551467, 0, 0
0.577117, 0, 0
0.602767, 0, 0
0.628416, 0, 0
0.654066, 0, 0
0.679715, 0, 0
0.705365, 0, 0
0.731015, 0, 0
0.756664, 0, 0
0.782314, 0, 0
0.807964, 0.000154004, 8.9394e-05
0.833613, 0.00136407, 0.000328375
0.859263, 0.0205805, 0.00119918
0.884913, 0.152451, 0.0033004
0.910562, 0.570495, 0.00624347
0.936212, 1.2622, 0.0093225
0.961861, 2.03376, 0.0141567
0.987511, 2.57809, 0.0163644
1.01316, 2.84792, 0.0139448
1.03881, 2.86458, 0.0136984
1.06446, 2.70339, 0.0118968
1.09011, 2.46674, 0.0107508
1.11576, 2.1981, 0.0116984
1.14141, 1.92798, 0.0133492
1.16706, 1.71752, 0.0120834
1.19271, 1.52372, 0.0108421
1.21836, 1.35189, 0.0103947
1.24401, 1.21043, 0.00944404
1.26966, 1.10449, 0.00856679
1.29531, 1.02102, 0.0078146
1.32096, 0.94627, 0.00759536
1.34661, 0.875176, 0.00720089
1.37226, 0.819976, 0.00628375
1.39791, 0.77297, 0.00690189
1.42355, 0.743794, 0.00598827
1.4492, 0.724722, 0.00568115
1.47485, 0.71471, 0.00573327
1.5005, 0.707313, 0.00620223
1.52615, 0.704298, 0.00652762
1.5518, 0.718176, 0.00606796
1.57745, 0.724264, 0.00556232
1.6031, 0.753149, 0.00535693
1.62875, 0.76948, 0.00488626
1.6544, 0.788196, 0.00572759
1.68005, 0.828054, 0.00605292
1.7057, 0.865881, 0.00640836
1.73135, 0.909213, 0.00609703
1.757, 0.954229, 0.00598296
1.78265, 1.00284, 0.00552733
1.8083, 1.05235, 0.00565627
1.83395, 1.075, 0.00666998
1.8596, 1.11509, 0.00620109
1.88525, 1.15352, 0.00660886
1.9109, 1.18551, 0.00562188
1.93655, 1.21908, 0.00609882
1.9622, 1.25218, 0.00561607
1.98785, 1.26947, 0.00541568
2.0135, 1.27713, 0.00518293
2.03915, 1.28334, 0.00514467
2.0648, 1.27461, 0.00581641
2.09045, 1.25938, 0.00522603
2.1161, 1.24199, 0.00529351
2.14174, 1.21379, 0.00511725
2.16739, 1.18318, 0.00541422
2.19304, 1.14348, 0.00498499
2.21869, 1.1047, 0.00478241
2.24434, 1.08186, 0.00534972
2.26999, 1.05043, 0.00512318
2.29564, 1.02481, 0.00496773
2.32129, 1.00496, 0.00440056
2.34694, 0.987943, 0.00466513
2.37259, 0.968841, 0.00437649
2.39824, 0.946824, 0.00455682
2.42389, 0.940059, 0.00370926
2.44954, 0.938034, 0.00394702
2.47519, 0.932005, 0.00369653
2.50084, 0.921618, 0.00431304

