0.0323165, 0, 0
0.0969496, 0, 0
0.161583, 0, 0
0.226216, 0, 0
0.290849, 0, 0
0.355482, 0, 0
0.420115, 0, 0
0.484748, 0, 0
0.549381, 0, 0
0.614014, 0, 0
0.678647, 0, 0
0.74328, 0.000659908, 0.0006566
0.807913, 0.21143, 0.0147197
0.872546, 1.28166, 0.0466275
0.937179, 2.44712, 0.0779585
1.00181, 2.6598, 0.0830448
1.06645, 2.51706, 0.0722489
1.13108, 2.27732, 0.0586708
1.19571, 1.96411, 0.0482838
1.26034, 1.67993, 0.0451102
1.32498, 1.53663, 0.0346311
1.38961, 1.44436, 0.0360732
1.45424, 1.36528, 0.0299926
1.51888, 1.33438, 0.0264182
1.58351, 1.28221, 0.0300405
1.64814, 1.25845, 0.0308214
1.71278, 1.20902, 0.0244355
1.77741, 1.21203, 0.0257682
1.84204, 1.18032, 0.0233497
1.90667, 1.13277, 0.0199131
1.97131, 1.13615, 0.0192602
2.03594, 1.13847, 0.0204809
2.10057, 1.12083, 0.0188947
2.16521, 1.1407, 0.0187053
2.22984, 1.13316, 0.0163737
2.29447, 1.12557, 0.0153473
2.35911, 1.11259, 0.0165197
2.42374, 1.11172, 0.017257
2.48837, 1.10303, 0.0185687
2.55301, 1.11837, 0.0166823
2.61764, 1.09134, 0.0157265
2.68227, 1.0671, 0.0140558
2.7469, 1.06483, 0.0136592
2.81154, 1.09021, 0.0141539
2.87617, 1.06412, 0.0140487
2.9408, 1.07074, 0.0128341
3.00544, 1.06467, 0.0120937
3.07007, 1.07363, 0.0126896
3.1347, 1.05993, 0.0120034
3.19934, 1.05938, 0.0115437
3.26397, 1.05842, 0.0120555
3.3286, 1.05832, 0.0121337
3.39323, 1.04865, 0.00997377
3.45787, 1.05544, 0.0110492
3.5225, 1.04829, 0.010753
3.58713, 1.05698, 0.00945442
3.65177, 1.06794, 0.0105779
3.7164, 1.05922, 0.00899292
3.78103, 1.04357, 0.0102524
3.84567, 1.02913, 0.00924688
3.9103, 1.03444, 0.00996006
3.97493, 1.03558, 0.00897099
4.03957, 1.03837, 0.00974258
4.1042, 1.03416, 0.00758064
4.16883, 1.04437, 0.00821729
4.23346, 1.03005, 0.00768331
4.2981, 1.04205, 0.0082652
4.36273, 1.03685, 0.00759353
4.42736, 1.03636, 0.00789379
4.492, 1.03318, 0.00799198
4.55663, 1.02893, 0.00744633
4.62126, 1.02922, 0.00682809
4.6859, 1.03195, 0.00690672
4.75053, 1.02884, 0.00886038
4.81516, 1.02718, 0.00795149
4.87979, 1.03315, 0.00861231
4.94443, 1.02198, 0.00701077
5.00906, 1.02006, 0.00705061
5.07369, 1.02888, 0.00780122
5.13833, 1.0385, 0.00719269
5.20296, 1.02785, 0.00763623
5.26759, 1.024, 0.00659509
5.33223, 1.03721, 0.00694405
5.39686, 1.03699, 0.00658657
5.46149, 1.03417, 0.00741221
5.52612, 1.03108, 0.00597269
5.59076, 1.02628, 0.00699092
5.65539, 1.0344, 0.00626573
5.72002, 1.03669, 0.00667145
5.78466, 1.04315, 0.00610201
5.84929, 1.03722, 0.00637372
5.91392, 1.03999, 0.006204
5.97856, 1.04378, 0.00647663
6.04319, 1.03104, 0.00627009
6.10782, 1.0299, 0.00618939
6.17246, 1.03188, 0.00581909
6.23709, 1.02421, 0.00582639
6.30172, 1.04195, 0.00532767
6.36635, 0, 0
6.43099, 0, 0
