           1    -7.54898    -7.54898           0
           2    -7.55345    -7.55122  0.00223743
           3    -7.54722    -7.54988  0.00185542
           4    -7.55019    -7.54996  0.00131423
           5    -7.55334    -7.55064  0.00122191
           6    -7.55005    -7.55054  0.00100252
           7    -7.55234     -7.5508 0.000885635
           8    -7.54501    -7.55007  0.00105418
           9    -7.54489     -7.5495  0.00109366
          10    -7.54502    -7.54905  0.00107569
          11    -7.53815    -7.54806  0.00138838
          12    -7.55273    -7.54845  0.00132575
          13     -7.5468    -7.54832  0.00122604
          14    -7.54645    -7.54819  0.00114292
          15    -7.54424    -7.54792   0.0010961
          16    -7.54294    -7.54761  0.00107157
          17    -7.54406     -7.5474    0.001028
          18    -7.53675    -7.54681  0.00113577
          19    -7.54143    -7.54653  0.00111109
          20    -7.55124    -7.54676  0.00108013
          21    -7.53617    -7.54626  0.00114459
          22     -7.5501    -7.54643  0.00110521
          23    -7.54374    -7.54632  0.00106256
          24    -7.53862      -7.546  0.00106667
          25     -7.5468    -7.54603  0.00102362
          26    -7.53953    -7.54578  0.00101478
          27    -7.54675    -7.54581 0.000977124
          28    -7.54809     -7.5459 0.000945088
          29    -7.53669    -7.54558 0.000965551
          30     -7.5483    -7.54567 0.000937198
          31    -7.54917    -7.54578 0.000913483
          32    -7.54619    -7.54579  0.00088457
          33    -7.55393    -7.54604  0.00089205
          34    -7.53376    -7.54568 0.000937813
          35    -7.54606    -7.54569 0.000910687
          36    -7.54798    -7.54575 0.000887307
          37    -7.55323    -7.54596 0.000886303
          38    -7.53113    -7.54557 0.000946747
          39    -7.54596    -7.54558 0.000922208
          40    -7.55943    -7.54592 0.000963275
          41    -7.54369    -7.54587 0.000941069
          42    -7.54974    -7.54596 0.000923016
          43    -7.54842    -7.54602 0.000903114
          44    -7.54426    -7.54598 0.000883258
          45     -7.5379     -7.5458  0.00088187
          46    -7.54761    -7.54584 0.000863385
          47    -7.54781    -7.54588 0.000845856
          48    -7.55275    -7.54602  0.00084034
          49    -7.55016    -7.54611 0.000827323
          50      -7.549    -7.54616  0.00081267
          51    -7.55452    -7.54633 0.000813263
          52    -7.55249    -7.54645 0.000806223
          53    -7.55111    -7.54654 0.000795737
          54    -7.54207    -7.54645 0.000785225
          55    -7.54955    -7.54651 0.000772871
          56    -7.54648    -7.54651 0.000758945
          57    -7.53785    -7.54636 0.000760813
          58    -7.54123    -7.54627 0.000752796
          59    -7.54029    -7.54617 0.000746825
          60     -7.5386    -7.54604 0.000745031
          61    -7.54806    -7.54607 0.000733464
          62    -7.54547    -7.54606 0.000721604
          63    -7.54998    -7.54613  0.00071277
          64    -7.55309    -7.54623 0.000709926
          65    -7.54745    -7.54625 0.000699168
          66    -7.54957     -7.5463 0.000690326
          67     -7.5431    -7.54626 0.000681626
          68    -7.54901     -7.5463 0.000672751
          69    -7.54657     -7.5463 0.000662941
          70    -7.54691    -7.54631 0.000653461
          71     -7.5453     -7.5463  0.00064435
          72    -7.55061    -7.54636 0.000638153
          73    -7.54296    -7.54631 0.000631066
          74      -7.539    -7.54621 0.000630267
          75    -7.54832    -7.54624 0.000622443
          76    -7.53658    -7.54611 0.000627203
          77     -7.5395    -7.54602 0.000624927
          78    -7.55096    -7.54609 0.000620105
          79    -7.55057    -7.54615 0.000614828
          80    -7.54508    -7.54613  0.00060724
          81    -7.54154    -7.54608 0.000602366
          82     -7.5466    -7.54608 0.000595008
          83    -7.54149    -7.54603 0.000590395
          84    -7.54172    -7.54597 0.000585571
          85    -7.54576    -7.54597 0.000578647
          86    -7.54975    -7.54602  0.00057356
          87    -7.54974    -7.54606 0.000568546
          88    -7.55065    -7.54611 0.000564461
          89    -7.55888    -7.54625 0.000576232
          90    -7.53688    -7.54615  0.00057923
          91    -7.54125     -7.5461 0.000575358
          92    -7.54064    -7.54604 0.000572157
          93    -7.53939    -7.54597 0.000570468
          94    -7.55047    -7.54601 0.000566397
          95    -7.54778    -7.54603 0.000560711
          96    -7.54333      -7.546 0.000555552
          97    -7.55081    -7.54605 0.000552027
          98    -7.54849    -7.54608 0.000546931
          99    -7.53585    -7.54598  0.00055114
         100    -7.55096    -7.54603 0.000547873
