           1     7.58056     7.58056           0
           2     7.55273     7.56665   0.0139142
           3     7.59151     7.57494   0.0115431
           4     7.57117     7.57399  0.00821622
           5     7.55584     7.57036  0.00732746
           6     7.57577     7.57126  0.00605024
           7     7.56194     7.56993  0.00528387
           8     7.60286     7.57405  0.00615436
           9     7.60393     7.57737  0.00636269
          10     7.60273      7.5799  0.00623049
          11     7.64002     7.58537  0.00785056
          12     7.55982     7.58324  0.00747619
          13      7.5937     7.58404  0.00692399
          14     7.59601      7.5849  0.00646708
          15       7.607     7.58637  0.00619822
          16     7.61391     7.58809  0.00604799
          17     7.60907     7.58933   0.0058136
          18      7.6472     7.59254  0.00635446
          19     7.61978     7.59398  0.00617935
          20     7.56587     7.59257  0.00602837
          21     7.65117     7.59536  0.00637702
          22     7.57331     7.59436  0.00616235
          23     7.60766     7.59494  0.00591665
          24      7.6367     7.59668  0.00592597
          25     7.59025     7.59642   0.0056898
          26     7.63288     7.59782   0.0056436
          27     7.59205     7.59761  0.00543476
          28     7.58405     7.59713   0.0052594
          29     7.64858      7.5989  0.00537604
          30     7.58473     7.59843  0.00521518
          31     7.57941     7.59781  0.00508133
          32      7.5947     7.59772  0.00492094
          33     7.55606     7.59645  0.00493367
          34     7.66483     7.59847   0.0051917
          35     7.59671     7.59841  0.00504144
          36     7.58615     7.59807  0.00491122
          37     7.55997     7.59704  0.00488639
          38     7.67686     7.59914  0.00519927
          39     7.59643     7.59908  0.00506468
          40     7.52294     7.59717  0.00529072
          41     7.61025     7.59749  0.00516991
          42     7.57724     7.59701   0.0050683
          43     7.58231     7.59667  0.00496082
          44     7.60489     7.59685  0.00485037
          45     7.64104     7.59784  0.00484198
          46     7.58734     7.59761  0.00474105
          47     7.58364     7.59731  0.00464858
          48     7.55937     7.59652  0.00461884
          49     7.57296     7.59604  0.00454907
          50     7.58105     7.59574  0.00446723
          51     7.55087     7.59486  0.00446626
          52      7.5618     7.59422  0.00442542
          53     7.56701     7.59371  0.00437139
          54     7.61957     7.59419  0.00431632
          55     7.57794     7.59389  0.00424741
          56     7.59428      7.5939  0.00417088
          57     7.63955      7.5947  0.00417458
          58     7.62209     7.59517  0.00412907
          59     7.62692     7.59571  0.00409399
          60      7.6375     7.59641  0.00408498
          61     7.58642     7.59624  0.00402079
          62     7.60042     7.59631  0.00395598
          63      7.5765       7.596  0.00390537
          64     7.55795      7.5954  0.00388957
          65     7.58872      7.5953  0.00383064
          66     7.57717     7.59503  0.00378214
          67     7.61183     7.59528   0.0037337
          68     7.58083     7.59506  0.00368451
          69     7.59328     7.59504  0.00363081
          70     7.59209       7.595  0.00357882
          71     7.60222      7.5951  0.00352952
          72     7.57042     7.59475  0.00349699
          73     7.61357     7.59501  0.00345837
          74     7.63508     7.59555  0.00345401
          75     7.58452     7.59541  0.00341083
          76     7.65025     7.59613  0.00344213
          77     7.63352     7.59661  0.00343166
          78     7.56675     7.59623  0.00340894
          79        7.57      7.5959  0.00338185
          80     7.60089     7.59596  0.00333989
          81      7.6213     7.59627   0.0033132
          82     7.59391     7.59625  0.00327267
          83     7.62215     7.59656  0.00324803
          84     7.61869     7.59682  0.00321993
          85     7.59833     7.59684  0.00318187
          86     7.57478     7.59658   0.0031551
          87     7.57652     7.59635  0.00312714
          88      7.5696     7.59605  0.00310631
          89     7.52887     7.59529   0.0031626
          90     7.64857     7.59588  0.00318279
          91     7.62148     7.59617  0.00316016
          92     7.62668      7.5965  0.00314317
          93     7.63339     7.59689  0.00313439
          94     7.57109     7.59662  0.00311299
          95      7.5883     7.59653  0.00308129
          96     7.61054     7.59668  0.00305251
          97      7.5676     7.59638  0.00303572
          98     7.58152     7.59623  0.00300841
          99     7.65327      7.5968  0.00303309
         100     7.57175     7.59655  0.00301304
