0.0115332, 0, 0
0.0345996, 0, 0
0.0576661, 0, 0
0.0807325, 0, 0
0.103799, 0, 0
0.126865, 0, 0
0.149932, 0, 0
0.172998, 0, 0
0.196065, 0, 0
0.219131, 0, 0
0.242198, 0, 0
0.265264, 0, 0
0.28833, 0, 0
0.311397, 0, 0
0.334463, 0, 0
0.35753, 0, 0
0.380596, 0, 0
0.403663, 0, 0
0.426729, 0, 0
0.449795, 0, 0
0.472862, 0, 0
0.495928, 0, 0
0.518995, 0, 0
0.542061, 0, 0
0.565128, 0, 0
0.588194, 0, 0
0.61126, 0, 0
0.634327, 0, 0
0.657393, 0, 0
0.68046, 0, 0
0.703526, 0, 0
0.726593, 0, 0
0.749659, 0, 0
0.772725, 0, 0
0.795792, 0, 0
0.818858, 3.46447e-05, 3.44711e-05
0.841925, 0.000163863, 7.50913e-05
0.864991, 0.0059457, 0.000570835
0.888058, 0.0726537, 0.00199075
0.911124, 0.385937, 0.00375629
0.93419, 1.22273, 0.00686257
0.957257, 2.57807, 0.0100578
0.980323, 4.00988, 0.0116788
1.00339, 4.96524, 0.0137798
1.02646, 5.19127, 0.0141437
1.04952, 4.70334, 0.014415
1.07259, 3.84538, 0.0130293
1.09566, 2.89691, 0.0122209
1.11872, 2.00655, 0.00891997
1.14179, 1.28296, 0.00689044
1.16485, 0.755826, 0.00555506
1.18792, 0.422443, 0.00476922
1.21099, 0.221065, 0.00371531
1.23405, 0.116263, 0.00266477
1.25712, 0.0654003, 0.00182588
1.28019, 0.0565514, 0.00183662
1.30325, 0.0787838, 0.00231639
1.32632, 0.127235, 0.00243707
1.34939, 0.212551, 0.00310797
1.37245, 0.3426, 0.003823
1.39552, 0.495749, 0.00314087
1.41859, 0.666053, 0.00430268
1.44165, 0.828962, 0.00470447
1.46472, 0.95639, 0.00548489
1.48778, 0.987649, 0.00566734
1.51085, 0.952832, 0.00511701
1.53392, 0.833699, 0.00455726
1.55698, 0.674063, 0.00359141
1.58005, 0.503081, 0.00310751
1.60312, 0.353685, 0.00345292
1.62618, 0.258522, 0.00320404
1.64925, 0.239803, 0.0034877
1.67232, 0.316747, 0.0041168
1.69538, 0.51504, 0.00475733
1.71845, 0.841121, 0.00519243
1.74152, 1.30142, 0.00502741
1.76458, 1.82203, 0.00530702
1.78765, 2.31399, 0.00592661
1.81071, 2.64454, 0.00876023
1.83378, 2.73792, 0.00835159
1.85685, 2.58015, 0.00911724
1.87991, 2.23514, 0.00726581
1.90298, 1.77291, 0.00562214
1.92605, 1.28811, 0.00438648
1.94911, 0.890552, 0.00520872
1.97218, 0.621283, 0.00506856
1.99525, 0.507432, 0.00476791
2.01831, 0.524101, 0.00400259
2.04138, 0.638583, 0.00344989
2.06445, 0.801532, 0.00340481
2.08751, 0.938211, 0.00294501
2.11058, 1.01817, 0.00393357
2.13364, 1.01404, 0.00417205
2.15671, 0.944147, 0.00400434
2.17978, 0.821711, 0.00292518
2.20284, 0.700797, 0.00352727
2.22591, 0.634712, 0.00416318
2.24898, 0.641576, 0.00449711
2.27204, 0, 0
2.29511, 0, 0
