0.0323165, 0, 0
0.0969496, 0, 0
0.161583, 0, 0
0.226216, 0, 0
0.290849, 0, 0
0.355482, 0, 0
0.420115, 0, 0
0.484748, 0, 0
0.549381, 0, 0
0.614014, 0, 0
0.678647, 0, 0
0.74328, 0, 0
0.807913, 0, 0
0.872546, 0.00103692, 4.14507e-05
0.937179, 0.148169, 0.000530438
1.00181, 1.0638, 0.00156694
1.06645, 2.04316, 0.00272544
1.13108, 2.26922, 0.00249889
1.19571, 2.08823, 0.00234165
1.26034, 1.83264, 0.00205629
1.32498, 1.61686, 0.00151212
1.38961, 1.45435, 0.00143208
1.45424, 1.33565, 0.00111584
1.51888, 1.24925, 0.00109085
1.58351, 1.1869, 0.000976877
1.64814, 1.14451, 0.000888203
1.71278, 1.11068, 0.000880966
1.77741, 1.08943, 0.000840018
1.84204, 1.07533, 0.00096414
1.90667, 1.06637, 0.000759446
1.97131, 1.05971, 0.000797931
2.03594, 1.05858, 0.000699817
2.10057, 1.0571, 0.00070961
2.16521, 1.05308, 0.000746193
2.22984, 1.04944, 0.000825322
2.29447, 1.04288, 0.000721546
2.35911, 1.03647, 0.000632592
2.42374, 1.03141, 0.000679126
2.48837, 1.02682, 0.000565798
2.55301, 1.02145, 0.000588722
2.61764, 1.0173, 0.000608139
2.68227, 1.01349, 0.000587488
2.7469, 1.01047, 0.000565453
2.81154, 1.00701, 0.000498717
2.87617, 1.0048, 0.0005317
2.9408, 1.00295, 0.000475762
3.00544, 1.00217, 0.000495509
3.07007, 0.999942, 0.000464575
3.1347, 0.998697, 0.000445451
3.19934, 0.997873, 0.000413833
3.26397, 0.997092, 0.000489321
3.3286, 0.995386, 0.000431523
3.39323, 0.995786, 0.000459942
3.45787, 0.993673, 0.000439394
3.5225, 0.993188, 0.000388762
3.58713, 0.992675, 0.000400484
3.65177, 0.991309, 0.000347189
3.7164, 0.991296, 0.000392168
3.78103, 0.990961, 0.000415707
3.84567, 0.990363, 0.000353298
3.9103, 0.990285, 0.000372449
3.97493, 0.98923, 0.000383414
4.03957, 0.989393, 0.000319449
4.1042, 0.989145, 0.000373617
4.16883, 0.988808, 0.000342857
4.23346, 0.988368, 0.00031606
4.2981, 0.988415, 0.000298595
4.36273, 0.988454, 0.000299682
4.42736, 0.987488, 0.000297286
4.492, 0.987919, 0.000290423
4.55663, 0.987572, 0.000294431
4.62126, 0.987077, 0.000305313
4.6859, 0.987179, 0.000309204
4.75053, 0.986462, 0.000259928
4.81516, 0.987147, 0.000274839
4.87979, 0.986776, 0.000292363
4.94443, 0.986886, 0.000284092
5.00906, 0.986388, 0.000263062
5.07369, 0.986842, 0.000254957
5.13833, 0.986466, 0.000253811
5.20296, 0.986208, 0.000234041
5.26759, 0.986155, 0.000249151
5.33223, 0.985981, 0.000267385
5.39686, 0.986426, 0.000277885
5.46149, 0.985841, 0.000256712
5.52612, 0.985845, 0.000247618
5.59076, 0.986109, 0.000249777
5.65539, 0.986195, 0.000230188
5.72002, 0.985907, 0.000266975
5.78466, 0.985649, 0.000222913
5.84929, 0.985686, 0.000245195
5.91392, 0.985937, 0.000230088
5.97856, 0.985953, 0.000221517
6.04319, 0.986012, 0.000214843
6.10782, 0.986073, 0.000240058
6.17246, 0.986128, 0.000228442
6.23709, 0.985705, 0.000207919
6.30172, 0.985455, 0.000204651
6.36635, 0.985597, 0.000234354
6.43099, 0.985708, 0.000229933
