           1   0.0488736   0.0488736           0
           2    0.048909   0.0488913  1.7738e-05
           3   0.0491381   0.0489736 8.29049e-05
           4   0.0489407   0.0489654 5.91954e-05
           5   0.0492366   0.0490196 7.10299e-05
           6     0.04882   0.0489863 6.68604e-05
           7    0.049033    0.048993 5.68998e-05
           8   0.0489686     0.04899 4.93707e-05
           9   0.0487202     0.04896 5.28635e-05
          10   0.0489013   0.0489541 4.76459e-05
          11   0.0490888   0.0489664 4.48024e-05
          12   0.0491282   0.0489798 4.30653e-05
          13   0.0489584   0.0489782 3.96485e-05
          14   0.0492273    0.048996 4.07931e-05
          15   0.0491232   0.0490045 3.89124e-05
          16   0.0490524   0.0490075 3.65225e-05
          17   0.0493593   0.0490282 4.00655e-05
          18   0.0491222   0.0490334  3.8134e-05
          19   0.0493231   0.0490486 3.91617e-05
          20   0.0487684   0.0490346 3.97067e-05
          21    0.048726   0.0490199 4.05272e-05
          22   0.0493733    0.049036 4.18464e-05
          23   0.0491048    0.049039 4.00973e-05
          24   0.0489659   0.0490359 3.85109e-05
          25   0.0491935   0.0490422 3.74723e-05
          26    0.049008   0.0490409 3.60263e-05
          27   0.0489305   0.0490368 3.49068e-05
          28   0.0490042   0.0490357 3.36572e-05
          29   0.0487435   0.0490256 3.40032e-05
          30   0.0489483    0.049023 3.29511e-05
          31   0.0489326   0.0490201 3.20036e-05
          32   0.0487661   0.0490122 3.19876e-05
          33   0.0489139   0.0490092 3.11456e-05
          34   0.0487545   0.0490017 3.11302e-05
          35   0.0489185   0.0489993 3.03209e-05
          36   0.0489473   0.0489979 2.95021e-05
          37   0.0490808   0.0490001 2.87811e-05
          38   0.0491209   0.0490033 2.81934e-05
          39   0.0489996   0.0490032 2.74611e-05
          40   0.0492189   0.0490086 2.73037e-05
          41   0.0490417   0.0490094 2.66416e-05
          42   0.0487063   0.0490022 2.69828e-05
          43   0.0492106    0.049007 2.67901e-05
          44   0.0485819   0.0489974 2.79009e-05
          45   0.0489603   0.0489965 2.72863e-05
          46   0.0492183   0.0490014 2.71182e-05
          47   0.0492241   0.0490061 2.69549e-05
          48   0.0489528    0.049005 2.64107e-05
          49   0.0489105   0.0490031 2.59379e-05
          50   0.0487462   0.0489979  2.5928e-05
          51    0.049121   0.0490003 2.55288e-05
          52   0.0487583   0.0489957 2.54622e-05
          53   0.0489912   0.0489956 2.49774e-05
          54   0.0490664   0.0489969 2.45455e-05
          55    0.049178   0.0490002  2.4319e-05
          56   0.0488956   0.0489983 2.39537e-05
          57   0.0490035   0.0489984 2.35299e-05
          58   0.0492342   0.0490025 2.34752e-05
          59   0.0492414   0.0490065 2.34264e-05
          60   0.0491871   0.0490095 2.32284e-05
          61   0.0491412   0.0490117 2.29462e-05
          62   0.0492601   0.0490157 2.29259e-05
          63   0.0492629   0.0490196 2.28976e-05
          64   0.0488668   0.0490172 2.26631e-05
          65   0.0491949     0.04902 2.24785e-05
          66   0.0490042   0.0490197 2.21366e-05
          67   0.0492024   0.0490225 2.19735e-05
          68   0.0488621   0.0490201 2.17761e-05
          69   0.0489218   0.0490187 2.15054e-05
          70   0.0489135   0.0490172 2.12491e-05
          71   0.0491014   0.0490184 2.09813e-05
          72   0.0488704   0.0490163 2.07897e-05
          73   0.0489401   0.0490153 2.05295e-05
          74   0.0487982   0.0490123 2.04615e-05
          75   0.0491721   0.0490145 2.02988e-05
          76   0.0488621   0.0490125 2.01301e-05
          77   0.0490702   0.0490132 1.98811e-05
          78   0.0488234   0.0490108 1.97748e-05
          79   0.0491005   0.0490119 1.95559e-05
          80   0.0489083   0.0490106 1.93533e-05
          81   0.0488941   0.0490092 1.91669e-05
          82   0.0489944    0.049009 1.89325e-05
          83   0.0491742    0.049011 1.88086e-05
          84   0.0491418   0.0490125 1.86485e-05
          85   0.0491377    0.049014 1.84865e-05
          86   0.0492085   0.0490163 1.84097e-05
          87   0.0489254   0.0490152 1.82268e-05
          88    0.049088   0.0490161 1.80375e-05
          89   0.0493193   0.0490195 1.81561e-05
          90   0.0489719   0.0490189  1.7961e-05
          91   0.0489158   0.0490178 1.77987e-05
          92   0.0493044   0.0490209 1.78777e-05
          93   0.0490699   0.0490215 1.76923e-05
          94   0.0490127   0.0490214 1.75033e-05
          95   0.0490852    0.049022 1.73311e-05
          96   0.0488154   0.0490199 1.72842e-05
          97   0.0490326     0.04902 1.71056e-05
          98   0.0489912   0.0490197 1.69327e-05
          99   0.0491861   0.0490214 1.68449e-05
         100   0.0490515   0.0490217 1.66783e-05
