           1    -5.47877    -5.47877           0
           2    -5.45403     -5.4664   0.0123683
           3    -5.45841    -5.46374   0.0076217
           4    -5.48005    -5.46782  0.00675797
           5    -5.46476     -5.4672  0.00527019
           6    -5.45437    -5.46507  0.00480551
           7    -5.47034    -5.46582  0.00413064
           8    -5.46007     -5.4651   0.0036487
           9    -5.46368    -5.46494   0.0032217
          10    -5.45771    -5.46422  0.00297101
          11    -5.46948     -5.4647  0.00272953
          12    -5.47945    -5.46593  0.00277864
          13    -5.46153    -5.46559  0.00257822
          14    -5.47056    -5.46594  0.00241328
          15    -5.45934     -5.4655  0.00228933
          16    -5.47979     -5.4664  0.00232015
          17      -5.474    -5.46684  0.00222485
          18    -5.47031    -5.46704  0.00210644
          19    -5.45956    -5.46664  0.00203102
          20    -5.47085    -5.46685  0.00193825
          21    -5.47346    -5.46717  0.00187027
          22    -5.46024    -5.46685  0.00181082
          23    -5.45348    -5.46627  0.00182537
          24    -5.46156    -5.46608  0.00175863
          25    -5.46368    -5.46598  0.00168954
          26     -5.4645    -5.46592  0.00162425
          27    -5.44442    -5.46513  0.00175408
          28     -5.4456    -5.46443   0.0018285
          29    -5.46864    -5.46458  0.00177029
          30    -5.48005    -5.46509  0.00178638
          31    -5.47269    -5.46534  0.00174508
          32    -5.46262    -5.46525  0.00169179
          33      -5.462    -5.46515  0.00164268
          34    -5.45856    -5.46496  0.00160538
          35    -5.47763    -5.46532  0.00160035
          36    -5.46331    -5.46526  0.00155627
          37    -5.45603    -5.46502  0.00153408
          38     -5.4758     -5.4653   0.0015199
          39    -5.45194    -5.46496  0.00151952
          40    -5.45989    -5.46483  0.00148645
          41    -5.46672    -5.46488  0.00145047
          42    -5.45646    -5.46468  0.00142962
          43    -5.46148     -5.4646  0.00139796
          44    -5.46011     -5.4645  0.00136962
          45    -5.45827    -5.46436  0.00134598
          46    -5.46127    -5.46429  0.00131811
          47    -5.47316    -5.46448  0.00130346
          48    -5.46667    -5.46453  0.00127683
          49    -5.45787    -5.46439  0.00125786
          50    -5.45714    -5.46425  0.00124096
          51    -5.46906    -5.46434  0.00122005
          52    -5.46055    -5.46427  0.00119858
          53    -5.45823    -5.46415  0.00118126
          54    -5.46186    -5.46411  0.00115995
          55    -5.46581    -5.46414  0.00113909
          56    -5.45023    -5.46389  0.00114582
          57    -5.46022    -5.46383  0.00112738
          58    -5.48583    -5.46421   0.0011709
          59    -5.46449    -5.46421  0.00115089
          60    -5.45706    -5.46409   0.0011378
          61    -5.45881    -5.46401  0.00112234
          62    -5.47121    -5.46412  0.00111018
          63     -5.4603    -5.46406  0.00109411
          64    -5.46008      -5.464  0.00107867
          65    -5.45161    -5.46381  0.00107893
          66    -5.45822    -5.46373  0.00106582
          67      -5.459    -5.46366  0.00105216
          68    -5.46872    -5.46373  0.00103924
          69    -5.47683    -5.46392  0.00104152
          70    -5.45433    -5.46378  0.00103563
          71     -5.4642    -5.46379  0.00102096
          72    -5.47264    -5.46391  0.00101415
          73    -5.45933    -5.46385  0.00100213
          74    -5.45753    -5.46376 0.000992179
          75    -5.46962    -5.46384 0.000981971
          76    -5.47067    -5.46393 0.000973119
          77    -5.45279    -5.46379 0.000971232
          78    -5.47132    -5.46388 0.000963554
          79    -5.47285      -5.464  0.00095802
          80      -5.462    -5.46397 0.000946299
          81    -5.46246    -5.46395 0.000934729
          82    -5.46828    -5.46401 0.000924767
          83    -5.45507     -5.4639 0.000919876
          84    -5.45298    -5.46377 0.000918101
          85    -5.45828     -5.4637 0.000909529
          86     -5.4791    -5.46388 0.000916535
          87     -5.4798    -5.46407 0.000924221
          88    -5.47005    -5.46413 0.000916183
          89    -5.46275    -5.46412 0.000905964
          90    -5.45756    -5.46405   0.0008988
          91    -5.46238    -5.46403 0.000889056
          92    -5.46752    -5.46406 0.000880158
          93    -5.47826    -5.46422 0.000883917
          94    -5.45638    -5.46413 0.000878427
          95    -5.47169    -5.46421  0.00087276
          96    -5.45693    -5.46414 0.000866947
          97    -5.45595    -5.46405 0.000862108
          98    -5.45491    -5.46396 0.000858352
          99    -5.45349    -5.46385 0.000856196
         100    -5.47031    -5.46392 0.000850049
