           1     1.31491     1.31491           0
           2     1.45057     1.38274   0.0678326
           3     1.42492      1.3968     0.04161
           4     1.33474     1.38128   0.0332624
           5     1.42418     1.38986   0.0271556
           6     1.43882     1.39802   0.0236261
           7     1.37707     1.39503    0.020191
           8     1.42811     1.39916   0.0179682
           9     1.41856     1.40132   0.0159923
          10     1.42426     1.40361   0.0144868
          11     1.36591     1.40019   0.0135447
          12     1.30468     1.39223   0.0147045
          13      1.4026     1.39302   0.0135497
          14     1.35001     1.38995   0.0129154
          15     1.42436     1.39225   0.0122404
          16     1.31695     1.38754   0.0123792
          17     1.35598     1.38568   0.0117754
          18     1.37725     1.38522   0.0111119
          19     1.41392     1.38673   0.0106188
          20     1.37695     1.38624   0.0100858
          21     1.31966     1.38307   0.0101037
          22     1.40747     1.38418  0.00969714
          23     1.45311     1.38717   0.0097386
          24     1.41228     1.38822  0.00938249
          25     1.39924     1.38866  0.00901016
          26      1.3932     1.38884  0.00865844
          27     1.49838     1.39289  0.00926693
          28     1.47944     1.39598  0.00944972
          29     1.38302     1.39554    0.009129
          30     1.33062     1.39337  0.00908101
          31     1.35959     1.39228  0.00885054
          32     1.39434     1.39235  0.00856974
          33     1.39506     1.39243   0.0083064
          34     1.43142     1.39358   0.0081396
          35     1.32955     1.39175  0.00811253
          36     1.40914     1.39223  0.00789876
          37     1.44418     1.39363  0.00780956
          38     1.32968     1.39195  0.00778538
          39     1.42482     1.39279  0.00762981
          40     1.41649     1.39339  0.00746018
          41      1.3852     1.39319  0.00727869
          42     1.45141     1.39457  0.00723727
          43       1.403     1.39477  0.00706968
          44      1.4405     1.39581  0.00698488
          45     1.43141      1.3966  0.00687358
          46     1.40042     1.39668    0.006723
          47     1.33307     1.39533  0.00671619
          48     1.39256     1.39527  0.00657503
          49     1.43319     1.39605  0.00648578
          50     1.42427     1.39661  0.00637977
          51     1.35904     1.39587  0.00629667
          52      1.4053     1.39605  0.00617705
          53     1.41717     1.39645  0.00607246
          54      1.3825     1.39619  0.00596455
          55     1.40791     1.39641  0.00585897
          56     1.47302     1.39778   0.0059138
          57     1.43229     1.39838   0.0058406
          58     1.28912      1.3965  0.00604028
          59      1.3831     1.39627  0.00594136
          60     1.43952     1.39699   0.0058858
          61     1.41993     1.39737  0.00580071
          62     1.37494     1.39701  0.00571784
          63     1.39029      1.3969  0.00562736
          64     1.41555     1.39719  0.00554639
          65     1.45949     1.39815  0.00554389
          66     1.42992     1.39863  0.00548043
          67      1.4247     1.39902  0.00541201
          68     1.36642     1.39854  0.00535334
          69     1.34807     1.39781  0.00532565
          70     1.43944      1.3984   0.0052826
          71     1.40385     1.39848  0.00520823
          72     1.36365       1.398  0.00515812
          73      1.4231     1.39834  0.00509858
          74      1.4209     1.39864  0.00503844
          75     1.37315      1.3983  0.00498242
          76     1.36915     1.39792  0.00493137
          77     1.45985     1.39873   0.0049329
          78     1.39203     1.39864     0.00487
          79     1.35759     1.39812  0.00483596
          80     1.41225      1.3983  0.00477839
          81     1.39396     1.39824  0.00471934
          82     1.38813     1.39812  0.00466306
          83     1.44301     1.39866  0.00463818
          84     1.44406      1.3992   0.0046144
          85      1.4206     1.39945  0.00456674
          86     1.31671     1.39849  0.00461473
          87     1.32907     1.39769  0.00463063
          88     1.37711     1.39746  0.00458368
          89     1.41012      1.3976  0.00453412
          90     1.44269      1.3981  0.00451136
          91     1.39042     1.39802  0.00446231
          92     1.37429     1.39776  0.00442107
          93      1.3344     1.39708  0.00442602
          94     1.44005     1.39754  0.00440248
          95     1.37216     1.39727  0.00436407
          96       1.432     1.39763  0.00433351
          97     1.44821     1.39815  0.00432019
          98     1.46339     1.39882  0.00432738
          99     1.45361     1.39937  0.00431905
         100     1.37033     1.39908   0.0042855
