0.0115332, 0, 0
0.0345996, 0, 0
0.0576661, 0, 0
0.0807325, 0, 0
0.103799, 0, 0
0.126865, 0, 0
0.149932, 0, 0
0.172998, 0, 0
0.196065, 0, 0
0.219131, 0, 0
0.242198, 0, 0
0.265264, 0, 0
0.28833, 0, 0
0.311397, 0, 0
0.334463, 0, 0
0.35753, 0, 0
0.380596, 0, 0
0.403663, 0, 0
0.426729, 0, 0
0.449795, 0, 0
0.472862, 0, 0
0.495928, 0, 0
0.518995, 0, 0
0.542061, 0, 0
0.565128, 0, 0
0.588194, 0, 0
0.61126, 0, 0
0.634327, 0, 0
0.657393, 0, 0
0.68046, 0, 0
0.703526, 0, 0
0.726593, 0, 0
0.749659, 0, 0
0.772725, 0, 0
0.795792, 0, 0
0.818858, 0, 0
0.841925, 0, 0
0.864991, 3.1048e-07, 2.18431e-07
0.888058, 7.9679e-05, 5.46321e-06
0.911124, 0.00339456, 3.48768e-05
0.93419, 0.0473859, 0.000145961
0.957257, 0.29399, 0.00048056
0.980323, 1.00731, 0.000910776
1.00339, 2.24123, 0.00115284
1.02646, 3.62519, 0.00107079
1.04952, 4.61812, 0.00107833
1.07259, 4.89571, 0.00150546
1.09566, 4.49255, 0.0016654
1.11872, 3.65672, 0.00131221
1.14179, 2.6933, 0.00100542
1.16485, 1.81688, 0.000643287
1.18792, 1.13054, 0.000565731
1.21099, 0.653738, 0.000555241
1.23405, 0.353434, 0.000509603
1.25712, 0.180162, 0.000387075
1.28019, 0.0890584, 0.000268355
1.30325, 0.0494374, 0.000233732
1.32632, 0.042155, 0.000200576
1.34939, 0.0606412, 0.000232947
1.37245, 0.10573, 0.000258456
1.39552, 0.18395, 0.000334553
1.41859, 0.300737, 0.000318017
1.44165, 0.453206, 0.00030792
1.46472, 0.628115, 0.000302662
1.48778, 0.797323, 0.00041725
1.51085, 0.921727, 0.000576359
1.53392, 0.970593, 0.000659299
1.55698, 0.929416, 0.000637266
1.58005, 0.808561, 0.000436943
1.60312, 0.641156, 0.000253206
1.62618, 0.465512, 0.000249106
1.64925, 0.316813, 0.000310049
1.67232, 0.219591, 0.000370587
1.69538, 0.191971, 0.000428911
1.71845, 0.255111, 0.000531118
1.74152, 0.433886, 0.000592547
1.76458, 0.749588, 0.00066703
1.78765, 1.19776, 0.000503803
1.81071, 1.72724, 0.000375808
1.83378, 2.23452, 0.000548468
1.85685, 2.59677, 0.000967272
1.87991, 2.71443, 0.00120198
1.90298, 2.55763, 0.00110874
1.92605, 2.1803, 0.000765464
1.94911, 1.69021, 0.000394168
1.97218, 1.20059, 0.000373076
1.99525, 0.801813, 0.000563779
2.01831, 0.54281, 0.000636242
2.04138, 0.434473, 0.000603784
2.06445, 0.46147, 0.000519857
2.08751, 0.586935, 0.000332193
2.11058, 0.758284, 0.000243494
2.13364, 0.917084, 0.000228427
2.15671, 1.01422, 0.000437549
2.17978, 1.02151, 0.000464365
2.20284, 0.919251, 0.000327815
2.22591, 0.780361, 0.000262568
2.24898, 0.653811, 0.000329094
2.27204, 0.571878, 0.000489954
2.29511, 0.573079, 0.000591739
