0.0128248, 0, 0
0.0384745, 0, 0
0.0641241, 0, 0
0.0897737, 0, 0
0.115423, 0, 0
0.141073, 0, 0
0.166723, 0, 0
0.192372, 0, 0
0.218022, 0, 0
0.243672, 0, 0
0.269321, 0, 0
0.294971, 0, 0
0.32062, 0, 0
0.34627, 0, 0
0.37192, 0, 0
0.397569, 0, 0
0.423219, 0, 0
0.448869, 0, 0
0.474518, 0, 0
0.500168, 0, 0
0.525818, 0, 0
0.551467, 0, 0
0.577117, 0, 0
0.602767, 0, 0
0.628416, 0, 0
0.654066, 0, 0
0.679715, 0, 0
0.705365, 0, 0
0.731015, 0, 0
0.756664, 0, 0
0.782314, 0, 0
0.807964, 0, 0
0.833613, 0, 0
0.859263, 1.42002e-05, 2.5915e-06
0.884913, 0.00129139, 2.29214e-05
0.910562, 0.0241491, 0.00011036
0.936212, 0.16512, 0.000365672
0.961861, 0.563483, 0.00084496
0.987511, 1.20316, 0.00117993
1.01316, 1.86368, 0.00128952
1.03881, 2.33856, 0.00119921
1.06446, 2.55326, 0.000842004
1.09011, 2.54977, 0.000968486
1.11576, 2.40752, 0.000969661
1.14141, 2.19798, 0.00102043
1.16706, 1.97239, 0.00102909
1.19271, 1.75425, 0.00112537
1.21836, 1.55824, 0.000869888
1.24401, 1.38908, 0.000807374
1.26966, 1.24432, 0.000765475
1.29531, 1.12493, 0.000743915
1.32096, 1.02304, 0.000675494
1.34661, 0.94117, 0.000590021
1.37226, 0.872701, 0.000511404
1.39791, 0.817225, 0.000488988
1.42355, 0.772361, 0.00047461
1.4492, 0.737271, 0.000558828
1.47485, 0.710312, 0.000490387
1.5005, 0.691265, 0.000517099
1.52615, 0.678154, 0.000516313
1.5518, 0.672345, 0.000565077
1.57745, 0.671042, 0.000556996
1.6031, 0.675798, 0.000535304
1.62875, 0.686145, 0.000569751
1.6544, 0.701899, 0.000497652
1.68005, 0.723408, 0.000489983
1.7057, 0.749802, 0.00041646
1.73135, 0.780434, 0.000448639
1.757, 0.815959, 0.000471076
1.78265, 0.854012, 0.000500722
1.8083, 0.894348, 0.000469603
1.83395, 0.935609, 0.000469858
1.8596, 0.977912, 0.000456402
1.88525, 1.01844, 0.00046872
1.9109, 1.0585, 0.000477218
1.93655, 1.09587, 0.000462829
1.9622, 1.13062, 0.000411702
1.98785, 1.16216, 0.000442186
2.0135, 1.18588, 0.000409608
2.03915, 1.20426, 0.000445478
2.0648, 1.21359, 0.000395512
2.09045, 1.21503, 0.000441731
2.1161, 1.20841, 0.000420463
2.14174, 1.19433, 0.000471218
2.16739, 1.17426, 0.000481103
2.19304, 1.15006, 0.000471002
2.21869, 1.12311, 0.000448795
2.24434, 1.09542, 0.000394705
2.26999, 1.06646, 0.000447429
2.29564, 1.03871, 0.000450612
2.32129, 1.01209, 0.000378494
2.34694, 0.987974, 0.000399936
2.37259, 0.966178, 0.000391042
2.39824, 0.947032, 0.000383581
2.42389, 0.931351, 0.000405019
2.44954, 0.918401, 0.000385181
2.47519, 0.908696, 0.000419478
2.50084, 0.894918, 0.000369254
2.52649, 0.885938, 0.000405659
2.55214, 0.885753, 0.000425535
