0, 7.25631, 0.0379686
1, 6.73037, 0.0788201
2, 6.15504, 0.0538413
3, 5.88061, 0.0283302
4, 5.57331, 0.0218532
5, 5.32473, 0.0491159
6, 4.8844, 0.0425914
7, 4.61312, 0.00211957
8, 4.59049, 0.00994786
9, 4.47762, 0.0159339
10, 4.11823, 0.0649982
11, 3.79374, 0.0219289
12, 3.64093, 0.00842168
13, 3.55831, 0.0145922
14, 3.39457, 0.0119874
15, 3.27587, 0.0267914
16, 3.06406, 0.000737691
17, 3.03987, 0.0164562
18, 2.884, 0.010889
19, 2.75503, 0.0105197
20, 2.66963, 0.0059416
21, 2.56812, 0.032239
22, 2.26614, 0.000902831
23, 2.24052, 0.0108756
24, 2.14208, 0.0130219
25, 2.02733, 0.00420096
26, 1.9854, 0.00197436
27, 1.95624, 0.00545138
28, 1.92239, 6.664e-09
29, 1.91395, 0.00504386
30, 1.87659, 0.00448214
31, 1.81673, 0.0093335
32, 1.7216, 0.0126774
33, 1.60485, -nan
34, 1.60202, 0.0021882
35, 1.57825, 0.00284583
36, 1.54653, 0.00327681
37, 1.52327, 6.664e-09
38, 1.51742, 0.00380066
39, 1.48116, 0.00474166
40, 1.44227, 0.00288269
41, 1.43884, 0.000373638
42, 1.43105, 0.00240972
43, 1.40988, 0.000599761
44, 1.39472, 0.00440116
45, 1.37768, 0
46, 1.37768, 0
47, 1.37699, 0.000655129
48, 1.3698, 0.000917683
49, 1.3611, -nan
50, 1.35361, 0.00571595
51, 1.29685, 0.00199227
52, 1.28342, 9.42432e-09
53, 1.27864, 0.00254571
54, 1.25565, 0.000655129
55, 1.25012, 0.000655129
56, 1.24943, -nan
57, 1.24943, -nan
58, 1.24943, -nan
59, 1.24943, -nan
60, 1.24943, -nan
61, 1.24943, -nan
62, 1.24943, -nan
63, 1.24943, -nan
64, 1.24943, -nan
65, 1.24803, 0.00133274
66, 1.23538, 0
67, 1.23538, 0
68, 1.23427, 0.00105174
69, 1.2243, -nan
70, 1.2243, -nan
71, 1.2243, -nan
72, 1.2243, -nan
73, 1.22406, 0.000221458
74, 1.21633, 0.0053476
75, 1.1616, 0.00378683
76, 1.12287, 0.00266562
77, 1.0884, 0.00443507
78, 1.06673, 0.00023195
79, 1.06453, -nan
80, 1.06403, 0.000317619
81, 1.06202, 0
82, 1.06055, 0.000378773
83, 1.05957, 8.1617e-09
84, 1.05269, 0.00435371
85, 1.01941, 0.00435114
86, 0.978237, -nan
87, 0.978237, -nan
88, 0.978185, 4.91255e-05
89, 0.977719, 4.71216e-09
90, 0.974962, 0.00144401
91, 0.963967, 4.71216e-09
92, 0.963967, 4.71216e-09
93, 0.963967, 4.71216e-09
94, 0.963967, 4.71216e-09
95, 0.963967, 4.71216e-09
96, 0.961291, 0.00253873
97, 0.937897, 0.000655129
98, 0.937206, 0
99, 0.937206, 0
100, 0.937206, 0
101, 0.937206, 0
102, 0.937206, 0
103, 0.937206, 0
104, 0.937206, 0
105, 0.937206, 0
106, 0.926885, 0.00979153
107, 0.833995, 3.332e-09
108, 0.833995, 3.332e-09
109, 0.833995, 3.332e-09
110, 0.833995, 3.332e-09
111, 0.833995, 3.332e-09
112, 0.833995, 3.332e-09
113, 0.833995, 3.332e-09
114, 0.831174, 0.00267603
115, 0.805787, 3.332e-09
116, 0.805787, 3.332e-09
117, 0.805787, 3.332e-09
118, 0.805787, 3.332e-09
119, 0.805787, 3.332e-09
120, 0.805787, 3.332e-09
121, 0.805787, 3.332e-09
122, 0.805787, 3.332e-09
123, 0.805787, 3.332e-09
124, 0.805787, 3.332e-09
125, 0.805787, 3.332e-09
126, 0.805787, 3.332e-09
127, 0.805787, 3.332e-09
128, 0.805787, 3.332e-09
129, 0.805787, 3.332e-09
130, 0.805787, 3.332e-09
131, 0.805787, 3.332e-09
132, 0.805787, 3.332e-09
133, 0.805787, 3.332e-09
134, 0.805787, 3.332e-09
135, 0.805787, 3.332e-09
136, 0.805787, 3.332e-09
137, 0.805787, 3.332e-09
138, 0.805787, 3.332e-09
139, 0.805787, 3.332e-09
140, 0.805787, 3.332e-09
141, 0.805787, 3.332e-09
142, 0.805787, 3.332e-09
143, 0.805787, 3.332e-09
144, 0.805787, 3.332e-09
145, 0.805787, 3.332e-09
146, 0.805787, 3.332e-09
147, 0.805787, 3.332e-09
148, 0.805787, 3.332e-09
149, 0.805787, 3.332e-09
150, 0.805787, 3.332e-09
151, 0.805787, 3.332e-09
152, 0.805787, 3.332e-09
153, 0.805787, 3.332e-09
154, 0.805787, 3.332e-09
155, 0.805787, 3.332e-09
156, 0.805787, 3.332e-09
157, 0.805787, 3.332e-09
158, 0.805787, 3.332e-09
159, 0.805787, 3.332e-09
160, 0.805787, 3.332e-09
161, 0.805787, 3.332e-09
162, 0.805787, 3.332e-09
163, 0.805787, 3.332e-09
164, 0.805787, 3.332e-09
165, 0.805787, 3.332e-09
166, 0.805787, 3.332e-09
167, 0.805787, 3.332e-09
168, 0.805787, 3.332e-09
169, 0.805787, 3.332e-09
170, 0.805787, 3.332e-09
171, 0.805787, 3.332e-09
172, 0.805787, 3.332e-09
173, 0.805787, 3.332e-09
174, 0.805787, 3.332e-09
175, 0.805787, 3.332e-09
176, 0.805787, 3.332e-09
177, 0.805787, 3.332e-09
178, 0.805787, 3.332e-09
179, 0.805787, 3.332e-09
180, 0.805787, 3.332e-09
181, 0.805787, 3.332e-09
182, 0.805787, 3.332e-09
183, 0.805787, 3.332e-09
184, 0.805787, 3.332e-09
185, 0.805787, 3.332e-09
186, 0.805787, 3.332e-09
187, 0.805787, 3.332e-09
188, 0.805787, 3.332e-09
189, 0.805787, 3.332e-09
190, 0.805787, 3.332e-09
191, 0.805787, 3.332e-09
192, 0.805787, 3.332e-09
193, 0.805787, 3.332e-09
194, 0.805787, 3.332e-09
195, 0.805787, 3.332e-09
196, 0.805787, 3.332e-09
197, 0.805787, 3.332e-09
198, 0.805787, 3.332e-09
199, 0.805787, 3.332e-09
200, 0.805787, 3.332e-09
201, 0.805787, 3.332e-09
202, 0.805787, 3.332e-09
203, 0.805787, 3.332e-09
204, 0.805787, 3.332e-09
205, 0.805787, 3.332e-09
206, 0.805787, 3.332e-09
207, 0.805787, 3.332e-09
208, 0.805787, 3.332e-09
209, 0.805787, 3.332e-09
210, 0.805787, 3.332e-09
211, 0.805787, 3.332e-09
212, 0.805787, 3.332e-09
213, 0.805787, 3.332e-09
214, 0.805787, 3.332e-09
215, 0.805787, 3.332e-09
216, 0.805787, 3.332e-09
217, 0.805787, 3.332e-09
218, 0.805787, 3.332e-09
219, 0.805787, 3.332e-09
220, 0.805787, 3.332e-09
221, 0.805787, 3.332e-09
222, 0.805787, 3.332e-09
223, 0.805787, 3.332e-09
224, 0.805787, 3.332e-09
225, 0.805787, 3.332e-09
226, 0.805787, 3.332e-09
227, 0.805787, 3.332e-09
228, 0.805787, 3.332e-09
229, 0.805787, 3.332e-09
230, 0.805787, 3.332e-09
231, 0.805787, 3.332e-09
232, 0.805787, 3.332e-09
233, 0.805787, 3.332e-09
234, 0.805787, 3.332e-09
235, 0.805787, 3.332e-09
236, 0.805787, 3.332e-09
237, 0.805787, 3.332e-09
238, 0.805787, 3.332e-09
239, 0.805787, 3.332e-09
240, 0.805787, 3.332e-09
241, 0.805787, 3.332e-09
242, 0.805787, 3.332e-09
243, 0.805787, 3.332e-09
244, 0.805787, 3.332e-09
245, 0.805787, 3.332e-09
246, 0.805787, 3.332e-09
247, 0.805787, 3.332e-09
248, 0.805787, 3.332e-09
249, 0.805787, 3.332e-09
250, 0.805787, 3.332e-09
251, 0.805787, 3.332e-09
252, 0.805787, 3.332e-09
253, 0.805787, 3.332e-09
254, 0.805787, 3.332e-09
255, 0.805787, 3.332e-09
256, 0.805787, 3.332e-09
257, 0.805787, 3.332e-09
258, 0.805787, 3.332e-09
259, 0.805787, 3.332e-09
260, 0.805787, 3.332e-09
261, 0.805787, 3.332e-09
262, 0.805787, 3.332e-09
263, 0.805787, 3.332e-09
264, 0.805787, 3.332e-09
265, 0.805787, 3.332e-09
266, 0.805787, 3.332e-09
267, 0.805787, 3.332e-09
268, 0.805787, 3.332e-09
269, 0.805787, 3.332e-09
270, 0.805787, 3.332e-09
271, 0.805787, 3.332e-09
272, 0.805787, 3.332e-09
273, 0.805787, 3.332e-09
274, 0.805787, 3.332e-09
275, 0.805787, 3.332e-09
276, 0.805787, 3.332e-09
277, 0.805787, 3.332e-09
278, 0.805787, 3.332e-09
279, 0.805787, 3.332e-09
280, 0.805787, 3.332e-09
281, 0.805787, 3.332e-09
282, 0.805787, 3.332e-09
283, 0.805787, 3.332e-09
284, 0.805787, 3.332e-09
285, 0.805787, 3.332e-09
286, 0.805787, 3.332e-09
287, 0.805787, 3.332e-09
288, 0.805787, 3.332e-09
289, 0.805787, 3.332e-09
290, 0.805787, 3.332e-09
291, 0.805787, 3.332e-09
292, 0.805787, 3.332e-09
293, 0.805787, 3.332e-09
294, 0.805787, 3.332e-09
295, 0.805787, 3.332e-09
296, 0.805787, 3.332e-09
297, 0.805787, 3.332e-09
298, 0.805787, 3.332e-09
299, 0.805787, 3.332e-09
300, 0.805787, 3.332e-09
301, 0.805787, 3.332e-09
302, 0.805787, 3.332e-09
303, 0.805787, 3.332e-09
304, 0.805787, 3.332e-09
305, 0.805787, 3.332e-09
306, 0.805787, 3.332e-09
307, 0.805787, 3.332e-09
308, 0.805787, 3.332e-09
309, 0.805787, 3.332e-09
310, 0.805787, 3.332e-09
311, 0.805787, 3.332e-09
312, 0.805787, 3.332e-09
313, 0.805787, 3.332e-09
314, 0.805787, 3.332e-09
315, 0.805787, 3.332e-09
316, 0.805787, 3.332e-09
317, 0.805787, 3.332e-09
318, 0.805787, 3.332e-09
319, 0.805787, 3.332e-09
320, 0.805787, 3.332e-09
321, 0.805787, 3.332e-09
322, 0.805787, 3.332e-09
323, 0.805787, 3.332e-09
324, 0.805787, 3.332e-09
325, 0.805787, 3.332e-09
326, 0.805787, 3.332e-09
327, 0.805787, 3.332e-09
328, 0.805787, 3.332e-09
329, 0.805787, 3.332e-09
330, 0.805787, 3.332e-09
331, 0.805787, 3.332e-09
332, 0.805787, 3.332e-09
333, 0.805787, 3.332e-09
334, 0.805787, 3.332e-09
335, 0.805787, 3.332e-09
336, 0.805787, 3.332e-09
337, 0.805787, 3.332e-09
338, 0.805787, 3.332e-09
339, 0.805787, 3.332e-09
340, 0.805787, 3.332e-09
341, 0.805787, 3.332e-09
342, 0.805787, 3.332e-09
343, 0.805787, 3.332e-09
344, 0.805787, 3.332e-09
345, 0.805787, 3.332e-09
346, 0.805787, 3.332e-09
347, 0.805787, 3.332e-09
348, 0.805787, 3.332e-09
349, 0.805787, 3.332e-09
350, 0.805787, 3.332e-09
351, 0.805787, 3.332e-09
352, 0.805787, 3.332e-09
353, 0.805787, 3.332e-09
354, 0.805787, 3.332e-09
355, 0.805787, 3.332e-09
356, 0.805787, 3.332e-09
357, 0.805787, 3.332e-09
358, 0.805787, 3.332e-09
359, 0.805787, 3.332e-09
360, 0.805787, 3.332e-09
361, 0.805787, 3.332e-09
362, 0.805787, 3.332e-09
363, 0.805787, 3.332e-09
364, 0.805787, 3.332e-09
365, 0.805787, 3.332e-09
366, 0.805787, 3.332e-09
367, 0.805787, 3.332e-09
368, 0.805787, 3.332e-09
369, 0.805787, 3.332e-09
370, 0.805787, 3.332e-09
371, 0.805787, 3.332e-09
372, 0.805787, 3.332e-09
373, 0.805787, 3.332e-09
374, 0.805787, 3.332e-09
375, 0.805787, 3.332e-09
376, 0.805787, 3.332e-09
377, 0.805787, 3.332e-09
378, 0.805787, 3.332e-09
379, 0.805787, 3.332e-09
380, 0.805787, 3.332e-09
381, 0.805787, 3.332e-09
382, 0.805787, 3.332e-09
383, 0.805787, 3.332e-09
384, 0.805787, 3.332e-09
385, 0.805787, 3.332e-09
386, 0.802004, 0.00358876
387, 0.767958, 3.332e-09
388, 0.767958, 3.332e-09
389, 0.767958, 3.332e-09
390, 0.767958, 3.332e-09
391, 0.767958, 3.332e-09
392, 0.767958, 3.332e-09
393, 0.767958, 3.332e-09
394, 0.767958, 3.332e-09
395, 0.767958, 3.332e-09
396, 0.767958, 3.332e-09
397, 0.767958, 3.332e-09
398, 0.767958, 3.332e-09
399, 0.767958, 3.332e-09
400, 0.767958, 3.332e-09
401, 0.767958, 3.332e-09
402, 0.767958, 3.332e-09
403, 0.767958, 3.332e-09
404, 0.767958, 3.332e-09
405, 0.767958, 3.332e-09
406, 0.767958, 3.332e-09
407, 0.767958, 3.332e-09
408, 0.767958, 3.332e-09
409, 0.767958, 3.332e-09
410, 0.767958, 3.332e-09
411, 0.767958, 3.332e-09
412, 0.767958, 3.332e-09
413, 0.767958, 3.332e-09
414, 0.767958, 3.332e-09
415, 0.767958, 3.332e-09
416, 0.767958, 3.332e-09
417, 0.767958, 3.332e-09
418, 0.767958, 3.332e-09
419, 0.767958, 3.332e-09
420, 0.767958, 3.332e-09
421, 0.767958, 3.332e-09
422, 0.767958, 3.332e-09
423, 0.767958, 3.332e-09
424, 0.767958, 3.332e-09
425, 0.767958, 3.332e-09
426, 0.767958, 3.332e-09
427, 0.767958, 3.332e-09
428, 0.767958, 3.332e-09
429, 0.767958, 3.332e-09
430, 0.767958, 3.332e-09
431, 0.767958, 3.332e-09
432, 0.767958, 3.332e-09
433, 0.767958, 3.332e-09
434, 0.767958, 3.332e-09
435, 0.767958, 3.332e-09
436, 0.767958, 3.332e-09
437, 0.767958, 3.332e-09
438, 0.767958, 3.332e-09
439, 0.767958, 3.332e-09
440, 0.767958, 3.332e-09
441, 0.767958, 3.332e-09
442, 0.767958, 3.332e-09
443, 0.767958, 3.332e-09
444, 0.767958, 3.332e-09
445, 0.767958, 3.332e-09
446, 0.767958, 3.332e-09
447, 0.767958, 3.332e-09
448, 0.767958, 3.332e-09
449, 0.767958, 3.332e-09
450, 0.767958, 3.332e-09
451, 0.767958, 3.332e-09
452, 0.767958, 3.332e-09
453, 0.767958, 3.332e-09
454, 0.767958, 3.332e-09
455, 0.767958, 3.332e-09
456, 0.767958, 3.332e-09
457, 0.767958, 3.332e-09
458, 0.767958, 3.332e-09
459, 0.767958, 3.332e-09
460, 0.767958, 3.332e-09
461, 0.767958, 3.332e-09
462, 0.767958, 3.332e-09
463, 0.767958, 3.332e-09
464, 0.767958, 3.332e-09
465, 0.767958, 3.332e-09
466, 0.767958, 3.332e-09
467, 0.767958, 3.332e-09
468, 0.767958, 3.332e-09
469, 0.767958, 3.332e-09
470, 0.767958, 3.332e-09
471, 0.767958, 3.332e-09
472, 0.767958, 3.332e-09
473, 0.767958, 3.332e-09
474, 0.767958, 3.332e-09
475, 0.767958, 3.332e-09
476, 0.767958, 3.332e-09
477, 0.767958, 3.332e-09
478, 0.767958, 3.332e-09
479, 0.767958, 3.332e-09
480, 0.767958, 3.332e-09
481, 0.767958, 3.332e-09
482, 0.767958, 3.332e-09
483, 0.767958, 3.332e-09
484, 0.767958, 3.332e-09
485, 0.767958, 3.332e-09
486, 0.767958, 3.332e-09
487, 0.767958, 3.332e-09
488, 0.767958, 3.332e-09
489, 0.767958, 3.332e-09
490, 0.767958, 3.332e-09
491, 0.767958, 3.332e-09
492, 0.767958, 3.332e-09
493, 0.767958, 3.332e-09
494, 0.767958, 3.332e-09
495, 0.767958, 3.332e-09
496, 0.767958, 3.332e-09
497, 0.767958, 3.332e-09
498, 0.767958, 3.332e-09
499, 0.767958, 3.332e-09
