-4.70294, 0
-4.70128, 0.00117305
-4.701, 0.000816055
-4.70096, 0.000612637
-4.70061, 0.000584859
-4.70028, 0.000569654
-4.70013, 0.00050758
-4.70043, 0.000525067
-4.70064, 0.000505222
-4.70065, 0.000454801
-4.70069, 0.000415022
-4.70063, 0.000384108
-4.70087, 0.000422781
-4.70107, 0.000435958
-4.70111, 0.000408967
-4.70127, 0.000414398
-4.70147, 0.000432503
-4.70156, 0.000419289
-4.70155, 0.000397615
-4.70145, 0.000388622
-4.70141, 0.000372381
-4.70142, 0.000355754
-4.70146, 0.000342132
-4.70144, 0.000328555
-4.70143, 0.000315495
-4.70137, 0.000308845
-4.70131, 0.000304667
-4.70123, 0.0003034
-4.70124, 0.000293084
-4.70115, 0.000296935
-4.70107, 0.000296454
-4.70111, 0.000290113
-4.7012, 0.000292557
-4.70125, 0.000289191
-4.70129, 0.00028404
-4.70137, 0.00028509
-4.70141, 0.000280983
-4.7015, 0.000288552
-4.70155, 0.000284759
-4.70158, 0.000278997
-4.70156, 0.000272583
-4.70157, 0.000266116
-4.70161, 0.000262743
-4.70165, 0.000261282
-4.70174, 0.000268985
-4.7018, 0.000270225
-4.70186, 0.00026967
-4.70191, 0.000269854
-4.70188, 0.000266528
-4.70184, 0.000263808
-3.91625, 0
-3.91727, 0.00072062
-3.91778, 0.000634303
-3.91818, 0.000588656
-3.91819, 0.000471019
-3.91811, 0.000399671
-3.91791, 0.000389087
-3.91747, 0.000534999
-3.91715, 0.000560533
-3.91673, 0.000641541
-3.91669, 0.000584761
-3.9169, 0.000571586
-3.9173, 0.000652856
-3.91729, 0.00060629
-3.9171, 0.000594127
-3.91686, 0.000603517
-3.91657, 0.000635778
-3.91629, 0.000656513
-3.91611, 0.000647754
-3.91607, 0.000616444
-3.9161, 0.000587804
-3.91623, 0.000576618
-3.91619, 0.00055361
-3.91606, 0.000543947
-3.91604, 0.000522662
-3.91602, 0.000502872
-3.91601, 0.000484351
-3.91606, 0.000469664
-3.91612, 0.000457126
-3.91613, 0.000442002
-3.91617, 0.000429418
-3.91613, 0.000418337
-3.9162, 0.000412879
-3.91631, 0.000413705
-3.9163, 0.000401928
-3.91633, 0.000391884
-3.91632, 0.000381538
-3.91631, 0.000371608
-3.91636, 0.000365321
-3.9164, 0.000358911
-3.91644, 0.000352287
-3.91646, 0.000344249
-3.91642, 0.000337829
-3.91637, 0.000334469
-3.91637, 0.000327036
-3.91634, 0.000321627
-3.91626, 0.000322813
-3.91622, 0.000319354
-3.91622, 0.000312845
-3.91619, 0.000307526
-3.63609, 0
-3.63744, 0.000956784
-3.63762, 0.000653529
-3.63775, 0.000503204
-3.63784, 0.000411561
-3.63771, 0.0003654
-3.63766, 0.000315782
-3.63799, 0.000409334
-3.63827, 0.000450881
-3.63829, 0.000406137
-3.63835, 0.000374137
-3.63811, 0.000412509
-3.63786, 0.000448549
-3.6377, 0.000443639
-3.63762, 0.000422588
-3.63747, 0.000419684
-3.63737, 0.000407806
-3.63733, 0.000386649
-3.63745, 0.000382694
-3.63776, 0.000476128
-3.6379, 0.000472879
-3.6379, 0.000451394
-3.63791, 0.000431884
-3.63789, 0.000414196
-3.63787, 0.000398454
-3.63791, 0.00038563
-3.63795, 0.000373286
-3.63802, 0.000366234
-3.63801, 0.000353653
-3.63798, 0.000342946
-3.63805, 0.000337759
-3.63815, 0.000342072
-3.63824, 0.000342922
-3.63831, 0.000340298
-3.6383, 0.00033077
-3.63823, 0.000328355
-3.63819, 0.000321595
-3.63818, 0.000313573
-3.63811, 0.000313387
-3.63809, 0.000306046
-3.63812, 0.000299916
-3.63819, 0.000300692
-3.6382, 0.000294015
-3.6381, 0.000303262
-3.63805, 0.000300859
-3.63804, 0.000294458
-3.63804, 0.000288198
-3.63805, 0.0002822
-3.63797, 0.000286197
-3.63797, 0.000280473
-3.40056, 0
-3.39874, 0.00128444
-3.3993, 0.000971723
-3.39906, 0.000758751
-3.39872, 0.000678241
-3.3992, 0.000713244
-3.3995, 0.000670834
-3.39956, 0.000590219
-3.39989, 0.000610335
-3.40028, 0.000661444
-3.40045, 0.00062311
-3.40044, 0.000571401
-3.4005, 0.000530783
-3.4005, 0.000492888
-3.4004, 0.000470853
-3.4004, 0.000441425
-3.40052, 0.000433164
-3.40056, 0.000410856
-3.40047, 0.000400425
-3.4005, 0.000382041
-3.40055, 0.000367027
-3.40057, 0.00035083
-3.40077, 0.0003856
-3.40092, 0.000398222
-3.40091, 0.000382484
-3.40091, 0.000367782
-3.40089, 0.000354605
-3.40093, 0.000344591
-3.40099, 0.000337032
-3.40106, 0.0003333
-3.40102, 0.000325327
-3.40101, 0.000315249
-3.40099, 0.000306265
-3.4011, 0.000314821
-3.40118, 0.000316114
-3.40124, 0.000312722
-3.40124, 0.000304303
-3.40124, 0.000296303
-3.40119, 0.000293064
-3.40116, 0.000287189
-3.40116, 0.000280217
-3.40112, 0.000276
-3.40112, 0.000269587
-3.401, 0.000286588
-3.40092, 0.000293374
-3.40084, 0.000297138
-3.40077, 0.000298198
-3.40078, 0.000292035
-3.4008, 0.000286927
-3.40086, 0.000287879
-3.3908, 0
-3.39107, 0.000194476
-3.39094, 0.000168416
-3.39021, 0.000643706
-3.39012, 0.000520954
-3.3905, 0.000553887
-3.39098, 0.00065094
-3.39086, 0.000580703
-3.39071, 0.000536003
-3.39078, 0.000486964
-3.39061, 0.00047031
-3.39041, 0.000472581
-3.39041, 0.00043623
-3.39041, 0.000405075
-3.39043, 0.000378363
-3.39057, 0.000380728
-3.39084, 0.0004442
-3.39102, 0.000455088
-3.39119, 0.000461174
-3.39134, 0.000462036
-3.39159, 0.000502919
-3.39174, 0.000500963
-3.39182, 0.000486148
-3.39174, 0.000472415
-3.39166, 0.000460781
-3.39156, 0.000453791
-3.39145, 0.00045101
-3.39131, 0.000454459
-3.3911, 0.000485961
-3.39092, 0.000501228
-3.39075, 0.000513123
-3.39066, 0.000505642
-3.39057, 0.000497032
-3.39044, 0.000501099
-3.39034, 0.000496083
-3.39017, 0.000509714
-3.39014, 0.000497177
-3.3901, 0.000485342
-3.3901, 0.000472915
-3.39019, 0.000468
-3.39021, 0.000457376
-3.39018, 0.000447477
-3.39018, 0.0004371
-3.3902, 0.000427594
-3.39019, 0.00041819
-3.39014, 0.000411433
-3.39012, 0.00040352
-3.39006, 0.000399745
-3.39002, 0.000392914
-3.39002, 0.000385065
-3.3857, 0
-3.38556, 9.4335e-05
-3.38648, 0.000753503
-3.38671, 0.000598438
-3.38651, 0.000510502
-3.38641, 0.000435937
-3.38644, 0.000375178
-3.38677, 0.00044719
-3.38681, 0.000399253
-3.38694, 0.000379398
-3.38688, 0.000349751
-3.38679, 0.000331974
-3.38676, 0.000307845
-3.38685, 0.000300229
-3.38688, 0.000281798
-3.38682, 0.000270462
-3.38677, 0.000260091
-3.38665, 0.000269475
-3.38665, 0.000255299
-3.38666, 0.000242711
-3.38667, 0.000231214
-3.38669, 0.000221719
-3.3867, 0.000212622
-3.38664, 0.000213936
-3.38656, 0.000219294
-3.38649, 0.0002211
-3.3865, 0.000213177
-3.38657, 0.000216051
-3.38665, 0.000222992
-3.38673, 0.000228267
-3.3867, 0.000221858
-3.3867, 0.000215029
-3.38666, 0.000211861
-3.38663, 0.000207842
-3.38665, 0.00020336
-3.38671, 0.000206556
-3.38677, 0.000208607
-3.38678, 0.000203176
-3.38677, 0.000198038
-3.38682, 0.000198814
-3.38688, 0.000204309
-3.3869, 0.000200367
-3.3869, 0.000195711
-3.38696, 0.000197929
-3.38695, 0.000193535
-3.38691, 0.000194352
-3.38686, 0.000196244
-3.38683, 0.000194364
-3.38683, 0.000190408
-3.38685, 0.000187523
-3.46913, 0
-3.46853, 0.000427369
-3.46894, 0.000441409
-3.46909, 0.000354878
-3.46885, 0.000355055
-3.46858, 0.000383394
-3.46857, 0.00032882
-3.46891, 0.000426318
-3.46932, 0.000543525
-3.46956, 0.000540581
-3.4693, 0.00055224
-3.46892, 0.00062086
-3.46894, 0.000573403
-3.46905, 0.000542331
-3.46906, 0.000506234
-3.46891, 0.000496167
-3.46873, 0.000498349
-3.46857, 0.000496026
-3.46862, 0.000472582
-3.46876, 0.000470094
-3.46893, 0.000477757
-3.46902, 0.000463106
-3.46921, 0.000481968
-3.46929, 0.000468453
-3.46924, 0.000452073
-3.46911, 0.000453959
-3.46903, 0.000444569
-3.46897, 0.000431858
-3.46887, 0.000429897
-3.46895, 0.000423455
-3.46899, 0.000412201
-3.46907, 0.00040608
-3.46912, 0.000396852
-3.46906, 0.000389062
-3.46914, 0.000385704
-3.46917, 0.000375963
-3.46919, 0.000366653
-3.46924, 0.000360037
-3.46931, 0.000357042
-3.46925, 0.000352298
-3.4692, 0.000347468
-3.46918, 0.000340119
-3.46913, 0.000335122
-3.4691, 0.000328909
-3.46908, 0.000322154
-3.46909, 0.000315221
-3.46914, 0.00031259
-3.46916, 0.000306863
-3.46913, 0.000302712
-3.46913, 0.000296659
-3.28873, 0
-3.29133, 0.00183694
-3.29175, 0.0012733
-3.29094, 0.00118774
-3.29109, 0.000959473
-3.29102, 0.000802017
-3.29101, 0.000687522
-3.29103, 0.000602048
-3.29089, 0.000551424
-3.29063, 0.000555923
-3.2905, 0.000519239
-3.2904, 0.000485741
-3.29014, 0.000515918
-3.28998, 0.000502576
-3.29005, 0.000474085
-3.29003, 0.000444867
-3.29014, 0.000432706
-3.29026, 0.00042397
-3.29033, 0.000408018
-3.29039, 0.00039231
-3.29052, 0.000393522
-3.29066, 0.000398665
-3.29071, 0.000385152
-3.29074, 0.000370038
-3.29081, 0.000361916
-3.29097, 0.000381195
-3.29105, 0.000374768
-3.29109, 0.000364316
-3.29116, 0.000357663
-3.2911, 0.000350769
-3.29101, 0.000351342
-3.29098, 0.000341231
-3.29099, 0.000331026
-3.29091, 0.00032986
-3.29089, 0.000321377
-3.29092, 0.000313498
-3.29094, 0.000305681
-3.29095, 0.000297917
-3.2909, 0.000294494
-3.2908, 0.000302909
-3.2907, 0.000311864
-3.29073, 0.00030554
-3.29075, 0.00029908
-3.29075, 0.00029239
-3.29075, 0.000286046
-3.29071, 0.000282509
-3.29068, 0.000277393
-3.29072, 0.000274208
-3.29073, 0.000268822
-3.29068, 0.000269163
-3.20649, 0
-3.20729, 0.000560233
-3.20876, 0.0012619
-3.20879, 0.000946631
-3.2084, 0.000834049
-3.20827, 0.000704223
-3.20822, 0.000605544
-3.20845, 0.000570691
-3.20878, 0.000598015
-3.20889, 0.000548233
-3.2089, 0.000498405
-3.20878, 0.000470965
-3.20894, 0.000461667
-3.20885, 0.00043733
-3.20878, 0.000413645
-3.20899, 0.000438589
-3.20895, 0.000415031
-3.20897, 0.000392853
-3.20896, 0.000372294
-3.20897, 0.000353707
-3.20897, 0.000336881
-3.20891, 0.000326622
-3.20879, 0.000334163
-3.20875, 0.000322432
-3.20869, 0.000316152
-3.20865, 0.000306482
-3.20855, 0.00031044
-3.20857, 0.000299849
-3.2086, 0.000291071
-3.20866, 0.000287811
-3.20874, 0.000288332
-3.20876, 0.000280611
-3.20878, 0.000272733
-3.20878, 0.000264718
-3.2088, 0.000257461
-3.2088, 0.000250461
-3.20884, 0.000245772
-3.20884, 0.000239323
-3.2089, 0.000240466
-3.20894, 0.000237395
-3.20897, 0.000234088
-3.20902, 0.000234533
-3.20901, 0.000229636
-3.20893, 0.000238294
-3.20886, 0.000243694
-3.20889, 0.000240675
-3.20888, 0.000235694
-3.20892, 0.000233552
-3.20898, 0.000236992
-3.20897, 0.000232616
-3.45121, 0
-3.45239, 0.000835002
-3.45259, 0.000581421
-3.45277, 0.000460701
-3.45296, 0.000407847
-3.45321, 0.000409426
-3.45308, 0.000371295
-3.45277, 0.000438597
-3.45274, 0.000390394
-3.45316, 0.000529851
-3.45342, 0.000539779
-3.4536, 0.000523387
-3.45348, 0.00049517
-3.45317, 0.000549473
-3.45278, 0.000634984
-3.45283, 0.000596912
-3.45309, 0.000618126
-3.4531, 0.000583803
-3.45296, 0.000568232
-3.45287, 0.000547993
-3.45292, 0.000524235
-3.45303, 0.00051138
-3.45315, 0.000504369
-3.4534, 0.000538857
-3.45346, 0.000521381
-3.45359, 0.000516433
-3.45372, 0.000514362
-3.45378, 0.000499059
-3.45382, 0.000483186
-3.45378, 0.000468356
-3.45361, 0.000482807
-3.45345, 0.000493649
-3.45338, 0.00048404
-3.45335, 0.000470334
-3.45334, 0.00045703
-3.45326, 0.000451359
-3.45323, 0.000440634
-3.45319, 0.000430236
-3.45316, 0.000420448
-3.4531, 0.000414539
-3.45301, 0.000414899
-3.45297, 0.000406239
-3.45296, 0.000397145
-3.45296, 0.000388144
-3.45293, 0.000380524
-3.45289, 0.000375116
-3.45288, 0.00036724
-3.45297, 0.000372086
-3.45301, 0.000366256
-3.453, 0.0003591
-3.25978, 0
-3.25929, 0.000342123
-3.25911, 0.000274526
-3.25846, 0.000598613
-3.25786, 0.000717287
-3.25755, 0.000662112
-3.25735, 0.000596632
-3.25734, 0.000522091
-3.25774, 0.000596333
-3.258, 0.000590529
-3.25823, 0.000581463
-3.25863, 0.000654076
-3.25876, 0.000617093
-3.25875, 0.000573075
-3.25873, 0.000535157
-3.25873, 0.000501734
-3.2588, 0.000477439
-3.25871, 0.000459013
-3.2587, 0.000434948
-3.25866, 0.000415494
-3.25861, 0.000399312
-3.25859, 0.000381312
-3.25853, 0.000369399
-3.25854, 0.000354051
-3.25858, 0.000342318
-3.25873, 0.000361687
-3.25891, 0.000386496
-3.25887, 0.000373948
-3.25878, 0.000373632
-3.25872, 0.000366063
-3.25858, 0.000378373
-3.25854, 0.000369029
-3.25861, 0.000365172
-3.25871, 0.000368296
-3.25884, 0.000379418
-3.25892, 0.000377057
-3.25883, 0.0003778
-3.25884, 0.00036792
-3.25888, 0.000361163
-3.25893, 0.000355467
-3.25895, 0.000347343
-3.25896, 0.000339381
-3.259, 0.000333731
-3.25905, 0.000329555
-3.25908, 0.000323609
-3.25907, 0.000316758
-3.259, 0.000317117
-3.25896, 0.000313384
-3.25896, 0.000306989
-3.2589, 0.000306589
-3.28703, 0
-3.28788, 0.000598424
-3.288, 0.000411003
-3.28777, 0.000367091
-3.28809, 0.000413731
-3.28829, 0.00038901
-3.28823, 0.000338543
-3.28814, 0.000307027
-3.28819, 0.000277027
-3.28815, 0.000252473
-3.28826, 0.000250921
-3.28835, 0.000245777
-3.28848, 0.000262038
-3.28878, 0.000373838
-3.28911, 0.000474423
-3.28931, 0.000483609
-3.28935, 0.000457143
-3.28952, 0.000461031
-3.28975, 0.000491071
-3.28977, 0.000466814
-3.2898, 0.000445606
-3.28983, 0.00042656
-3.28977, 0.000412491
-3.28973, 0.000397143
-3.28976, 0.000382532
-3.28983, 0.000373374
-3.28975, 0.000367372
-3.28967, 0.000362253
-3.2897, 0.000350672
-3.28968, 0.000339585
-3.28962, 0.000332754
-3.2896, 0.000323046
-3.28965, 0.00031662
-3.28963, 0.000307952
-3.28957, 0.000303927
-3.28963, 0.000301481
-3.28964, 0.000293371
-3.28962, 0.00028645
-3.28962, 0.000279136
-3.28971, 0.000285526
-3.28978, 0.000287937
-3.28983, 0.000284536
-3.28984, 0.000278079
-3.28983, 0.00027189
-3.28981, 0.000266344
-3.28982, 0.000260741
-3.28984, 0.000256111
-3.28992, 0.000262662
-3.28996, 0.000260352
-3.29, 0.000257964
-3.24277, 0
-3.24272, 3.71078e-05
-3.24171, 0.000822449
-3.24029, 0.00137914
-3.2397, 0.00122189
-3.23948, 0.00103722
-3.239, 0.000992669
-3.23858, 0.000955882
-3.23839, 0.00086813
-3.23825, 0.000792347
-3.23834, 0.000725773
-3.2384, 0.00066712
-3.2386, 0.000646567
-3.23883, 0.000640171
-3.23905, 0.000634321
-3.2391, 0.000596847
-3.23889, 0.000597214
-3.23866, 0.000607725
-3.23855, 0.000586526
-3.2385, 0.000558915
-3.2384, 0.000541598
-3.23829, 0.000528546
-3.23827, 0.000505836
-3.23838, 0.000495608
-3.23852, 0.000496849
-3.23851, 0.000477867
-3.23847, 0.000461914
-3.23847, 0.000445427
-3.23843, 0.000432129
-3.23845, 0.000418396
-3.23852, 0.000409826
-3.23862, 0.000410611
-3.23864, 0.000398318
-3.23859, 0.000389428
-3.23856, 0.000379679
-3.23844, 0.000386206
-3.23837, 0.000382092
-3.23827, 0.000384058
-3.23828, 0.000374216
-3.23828, 0.000364874
-3.23829, 0.000356043
-3.23835, 0.000353219
-3.2384, 0.00034937
-3.23842, 0.000341948
-3.23847, 0.000337454
-3.23851, 0.0003327
-3.23858, 0.000332204
-3.23861, 0.000326748
-3.23861, 0.00032008
-3.2386, 0.000313984
-3.33457, 0
-3.33516, 0.000411065
-3.33587, 0.000641901
-3.33711, 0.00118089
-3.33783, 0.00114168
-3.33797, 0.000960643
-3.33773, 0.00085398
-3.33752, 0.000771954
-3.33728, 0.000723056
-3.33697, 0.000712991
-3.33688, 0.00065375
-3.33674, 0.000614679
-3.33676, 0.000567625
-3.33703, 0.000588255
-3.33709, 0.000551962
-3.33705, 0.000519047
-3.33693, 0.000501918
-3.33686, 0.000478199
-3.33687, 0.000453159
-3.33701, 0.000450057
-3.33696, 0.000431556
-3.33679, 0.000444271
-3.33681, 0.00042554
-3.33682, 0.000407893
-3.3368, 0.000392227
-3.33681, 0.000377563
-3.33682, 0.000363737
-3.33675, 0.000357924
-3.33671, 0.000348193
-3.33677, 0.000342531
-3.33692, 0.000361245
-3.33699, 0.000357326
-3.33704, 0.00034966
-3.33703, 0.000339445
-3.33701, 0.000330621
-3.33698, 0.000322555
-3.33692, 0.000320299
-3.33695, 0.00031407
-3.33691, 0.00030918
-3.33684, 0.000308784
-3.33673, 0.000322218
-3.33668, 0.000317838
-3.33659, 0.000322096
-3.33657, 0.000315641
-3.33656, 0.000308791
-3.33658, 0.000302671
-3.33661, 0.000298194
-3.33659, 0.000293065
-3.33651, 0.000297796
-3.33648, 0.000293029
