10
-14
-18
-22
-26
-34
-26
-30
-34
-38
-34
-34
-26
-34
-34
-34
-30
-22
-26
-26
-26
-26
-26
-26
-22
-26
-26
-30
-30
-38
-30
-22
-18
-26
-26
-30
-34
-38
-34
-30
-30
-30
-34
-38
-34
-22
-26
-26
-26
-26
-34
-38
-38
-34
-30
-30
-30
-30
-34
-34
-26
-14
-26
-34
-26
-30
-30
-30
-22
-22
-26
-30
-34
-34
-34
-34
-38
-34
-34
-26
-22
-22
-26
-26
-22
-18
-30
-26
-30
-30
-38
-26
-26
-22
-30
-34
-34
-30
-26
-26
-30
-34
-34
-26
-30
-30
-34
-30
-22
-30
-26
-30
-30
-30
-26
-30
-30
-30
-30
-34
-34
-34
-30
-42
-42
-30
-22
-26
-26
-34
-30
-26
-26
-26
-22
-34
-22
-30
-26
-30
-22
-22
-26
-22
-26
-30
-34
-30
-38
-26
-26
-22
-30
-26
-34
-22
-30
-22
-22
-26
-22
-22
-26
-26
-34
-34
-30
-30
-34
-38
-38
-38
-42
-42
-42
-42
-30
-26
-26
-30
-26
-26
-22
-34
-22
-26
-18
-30
-42
-42
-30
-34
-22
-30
-22
-26
-26
-22
-34
-34
-34
-30
-18
-26
-30
-34
-30
-30
-34
-34
-30
-34
-22
-26
-26
-30
-30
-22
-26
-22
-26
-26
-30
-30
-34
-18
-14
-18
-22
-26
-30
-30
-30
-38
-38
-30
-26
-26
-26
-30
-30
-30
-26
-26
-22
-26
-26
-34
-30
-34
-38
-34
-34
-38
-42
-30
-30
-30
-30
-30
-34
-38
-38
-30
-26
-30
-30
-22
-22
-26
-34
-18
-30
-30
-34
-30
-26
-22
-26
-26
-22
-38
-34
-18
-30
-30
-26
-34
-34
-26
-26
-22
-26
-26
-22
-30
-26
-26
-18
-18
-22
-26
-22
-26
-30
-30
-26
-26
-34
-30
-26
-22
-30
-26
-30
-26
-30
-34
-26
-30
-26
-26
-26
-18
-30
-26
-26
-26
-26
-30
-26
-30
-26
-26
-18
-26
-18
-18
-30
-26
-34
-30
-26
-30
-30
-30
-30
-26
-26
-38
-34
-34
-38
-38
-30
-34
-38
-34
-38
-34
-34
-42
-38
-38
-38
-30
-26
-26
-34
-26
-30
-34
-34
-34
-38
-18
-26
-26
-30
-34
-34
-42
-26
-30
-38
-34
-34
-26
-26
-26
-30
-30
-26
-26
-26
-22
-26
-30
-30
-34
