10
-30
-18
-18
-30
-30
-26
-26
-30
-34
-26
-26
-26
-34
-26
-30
-34
-34
-34
-26
-34
-26
-30
-30
-26
-34
-26
-30
-34
-38
-38
-30
-30
-34
-18
-30
-22
-26
-38
-34
-34
-30
-26
-38
-34
-18
-26
-38
-34
-26
-30
-26
-34
-34
-30
-30
-22
-26
-26
-34
-22
-22
-34
-26
-26
-34
-18
-22
-26
-26
-26
-26
-26
-26
-34
-38
-42
-42
-38
-38
-30
-38
-30
-34
-30
-26
-22
-26
-26
-30
-26
-30
-26
-30
-26
-30
-30
-22
-22
-30
-30
-38
-34
-34
-34
-26
-42
-42
-38
-26
-34
-30
-34
-26
-30
-30
-38
-34
-34
-30
-30
-38
-38
-30
-34
-34
-30
-26
-26
-26
-22
-26
-22
-26
-26
-26
-26
-26
-26
-22
-26
-34
-30
-26
-30
-30
-26
-30
-30
-26
-22
-30
-26
-26
-22
-22
-22
-30
-26
-22
-22
-26
-18
-26
-30
-34
-34
-34
-34
-34
-38
-34
-38
-34
-30
-34
-22
-38
-30
-34
-30
-26
-22
-26
-18
-22
-26
-38
-46
-46
-38
-42
-30
-26
-22
-18
-22
-18
-26
-34
-34
-30
-22
-26
-26
-38
-34
-30
-30
-26
-26
-30
-30
-34
-38
-34
-38
-22
-18
-22
-26
-26
-30
-30
-30
-26
-22
-26
-26
-22
-18
-26
-34
-30
-30
-26
-22
-18
-22
-18
-18
-18
-22
-26
-26
-30
-34
-34
-26
-34
-38
-30
-26
-30
-26
-26
-30
-26
-22
-26
-26
-34
-30
-26
-26
-30
-34
-38
-22
-22
-22
-26
-26
-22
-30
-30
-30
-34
-38
-38
-22
-18
-26
-14
-26
-26
-22
-22
-26
-22
-22
-26
-18
-18
-22
-26
-22
-22
-34
-34
-22
-26
-26
-22
-30
-26
-26
-26
-42
-38
-26
-26
-34
-26
-34
-34
-34
-30
-30
-30
-30
-26
-34
-26
-30
-26
-30
-30
-18
-26
-26
-26
-18
-26
-22
-30
-30
-34
-26
-26
-30
-30
-26
-26
-22
-38
-34
-22
-30
-38
-26
-34
-34
-38
-30
-26
-30
-30
-26
-30
-30
-30
-26
-18
-30
-30
-30
-26
-34
-30
-34
-34
-30
-26
-30
-18
-22
-34
-26
-26
-18
-38
-34
-34
-34
-30
-30
-26
-26
-22
-30
-34
-34
-38
-30
-34
-34
-38
-34
-30
