0, 59.0212
1, 53.9516
2, 53.7182
3, 59.4937
4, 67.3492
5, 54.7478
6, 45.5433
7, 56.9
8, 42.9924
9, 52.8607
10, 64.4995
11, 64.8862
12, 47.8577
13, 59.8979
14, 48.2461
15, 52.5957
16, 48.2637
17, 67.1924
18, 50.2318
19, 50.5802
20, 47.9123
21, 55.2621
22, 54.7817
23, 60.3999
24, 60.8007
25, 40.7558
26, 57.8878
27, 61.9862
28, 62.3378
29, 57.409
30, 47.3013
31, 46.2101
32, 58.2498
33, 56.7676
34, 48.5644
35, 74.0411
36, 55.9581
37, 61.0099
38, 48.3971
39, 58.4967
40, 52.1149
41, 59.1879
42, 43.9561
43, 49.1067
44, 55.0845
45, 59.632
46, 48.0585
47, 65.2584
48, 42.8597
49, 50.8766
50, 63.2198
51, 53.981
52, 52.8925
53, 48.5984
54, 48.6701
55, 55.5748
56, 42.7856
57, 60.1833
58, 53.1275
59, 55.5168
60, 56.8985
61, 63.4198
62, 50.2852
63, 59.0369
64, 46.9276
65, 57.1042
66, 62.0721
67, 56.8626
68, 55.0512
69, 44.5271
70, 67.8865
71, 47.8147
72, 54.6205
73, 64.6166
74, 57.741
75, 57.7699
76, 57.0899
77, 39.4345
78, 52.5947
79, 53.2797
80, 43.1997
81, 59.8082
82, 65.0111
83, 53.8039
84, 49.6107
85, 69.0714
86, 43.9481
87, 53.6297
88, 56.3843
89, 51.874
90, 54.8103
91, 56.0073
92, 65.3731
93, 52.48
94, 52.7864
95, 63.0871
96, 37.7636
97, 60.2587
98, 63.1212
99, 48.7792
100, 58.7722
101, 53.2072
102, 64.9266
103, 51.6706
104, 48.9431
105, 55.5624
106, 51.8447
107, 56.5656
108, 46.6689
109, 59.3585
110, 50.3501
111, 48.1659
112, 53.4589
113, 55.4004
114, 61.3089
115, 53.5977
116, 54.1908
117, 56.9801
118, 61.1408
119, 64.7718
120, 45.2918
121, 44.3471
122, 50.4368
123, 64.6639
124, 56.7515
125, 56.0069
126, 55.8728
127, 41.7602
128, 64.4195
129, 41.6104
130, 65.245
131, 68.5939
132, 50.071
133, 58.9302
134, 61.1533
135, 40.1126
136, 52.3598
137, 56.404
138, 50.6886
139, 55.2982
140, 61.2593
141, 71.2067
142, 53.0069
143, 41.2954
144, 54.2009
145, 47.3812
146, 67.1594
147, 49.0636
148, 49.141
149, 62.5945
150, 60.3519
151, 71.0266
152, 53.8273
153, 48.9695
154, 55.7002
155, 59.5682
156, 62.0721
157, 67.8954
158, 59.7141
159, 56.7737
160, 49.9683
161, 50.7374
162, 35.813
163, 49.8507
164, 50.0277
165, 51.5225
166, 58.092
167, 50.6364
168, 55.9358
169, 46.3976
170, 38.6644
171, 46.4448
172, 48.1311
173, 50.8591
174, 60.9141
175, 54.2712
176, 53.3705
177, 40.8977
178, 56.1036
179, 60.5813
180, 48.027
181, 61.3687
182, 58.9079
183, 64.2258
184, 60.7025
185, 65.8251
186, 59.5134
187, 57.3723
188, 62.1252
189, 64.9204
190, 65.4642
191, 74.3591
192, 56.2239
193, 58.0239
194, 52.0566
195, 51.7122
196, 58.3789
197, 65.3604
198, 47.0085
199, 50.4455
200, 49.7065
201, 48.0312
202, 51.9813
203, 68.7435
204, 62.0766
205, 62.3432
206, 55.4336
207, 65.2641
208, 64.186
209, 51.7987
210, 61.8217
211, 57.6554
212, 33.2137
213, 47.4959
214, 50.6696
215, 57.821
216, 55.3703
217, 48.6776
218, 59.951
219, 57.5757
220, 50.0433
221, 55.3758
222, 45.0894
223, 46.8457
224, 45.1292
225, 53.2683
226, 51.035
227, 52.5811
228, 60.1535
229, 65.4755
230, 52.3828
231, 59.7977
232, 49.2588
233, 46.06
234, 34.7959
235, 50.7202
236, 49.7243
237, 56.3069
238, 53.2314
239, 52.862
240, 52.16
241, 56.9646
242, 52.5707
243, 36.186
244, 54.726
245, 53.2196
246, 50.0561
247, 57.1028
248, 59.2521
249, 55.9626
250, 49.2873
251, 47.3306
252, 50.841
253, 56.4895
254, 43.0739
255, 59.2919
256, 53.0294
257, 59.3299
258, 59.2155
259, 46.0378
260, 43.4962
261, 50.237
262, 63.7656
263, 47.7111
264, 60
265, 61.8208
266, 54.1277
267, 59.0271
268, 62.3159
269, 52.6254
270, 42.7032
271, 55.4973
272, 58.2661
273, 49.874
274, 49.8156
275, 51.3603
276, 49.2388
277, 47.1658
278, 47.8136
279, 51.0478
280, 54.206
281, 59.7929
282, 52.9686
283, 39.6376
284, 44.81
285, 62.3713
286, 57.0456
287, 55.0903
288, 48.9956
289, 45.9201
290, 54.5241
291, 57.6817
292, 43.4256
293, 42.7739
294, 38.4047
295, 53.8087
296, 40.6625
297, 39.7343
298, 51.7152
299, 61.5059
300, 46.5354
301, 54.1628
302, 57.4525
303, 45.4616
304, 45.8479
305, 58.3451
306, 52.0214
307, 47.3027
308, 63.4741
309, 59.1955
310, 52.1376
311, 45.6469
312, 68.6434
313, 57.3293
314, 45.4022
315, 55.9348
316, 44.3003
317, 62.6447
318, 54.555
319, 46.9899
320, 47.2449
321, 53.992
322, 49.7605
323, 58.3745
324, 61.2664
325, 49.6512
326, 49.143
327, 55.5067
328, 48.3203
329, 70.0986
330, 51.2719
331, 51.1914
332, 57.0233
333, 50.0005
334, 47.9388
335, 49.2286
336, 49.8742
337, 50.2996
338, 56.069
339, 53.8616
340, 72.3902
341, 52.8026
342, 65.5591
343, 48.5685
344, 59.6123
345, 65.3251
346, 50.2659
347, 46.4832
348, 54.131
349, 40.8947
350, 58.2453
351, 53.9236
352, 40.6807
353, 61.3875
354, 52.6445
355, 40.5875
356, 59.6373
357, 55.5203
358, 63.6645
359, 42.1021
360, 58.6095
361, 64.6401
362, 42.5099
363, 52.3901
364, 57.9016
365, 43.6652
366, 50.4469
367, 52.4046
368, 48.8409
369, 57.8741
370, 49.7005
371, 38.9552
372, 60.9278
373, 54.4257
374, 55.495
375, 43.0104
376, 39.847
377, 57.865
378, 44.4471
379, 41.0839
380, 44.4647
381, 44.4141
382, 56.5882
383, 60.6149
384, 47.0342
385, 39.2263
386, 43.306
387, 59.7516
388, 54.5567
389, 60.2033
390, 56.2548
391, 61.9655
392, 48.7281
393, 49.774
394, 44.0707
395, 56.5131
396, 67.7084
397, 51.1683
398, 48.9055
399, 48.8895
400, 56.9876
401, 42.2262
402, 56.2856
403, 57.6712
404, 52.0396
405, 56.8489
406, 54.2064
407, 51.2352
408, 45.2457
409, 49.0912
410, 36.9629
411, 53.1893
412, 51.9977
413, 51.3264
414, 42.9849
415, 38.0687
416, 33.9527
417, 42.6467
418, 69.7355
419, 39.3282
420, 56.4471
421, 60.8834
422, 49.5473
423, 47.0044
424, 46.0132
425, 49.8666
426, 49.6044
427, 54.1688
428, 44.2123
429, 49.7385
430, 47.3916
431, 57.4565
432, 57.4611
433, 51.7081
434, 51.3645
435, 47.6027
436, 58.1338
437, 38.3086
438, 62.0287
439, 44.3162
440, 56.1025
441, 47.1835
442, 65.2302
443, 61.3802
444, 54.0624
445, 50.2281
446, 48.6742
447, 55.0667
448, 44.9843
449, 43.5473
450, 41.7555
451, 46.9759
452, 50.1266
453, 57.7276
454, 41.3989
455, 46.636
456, 50.2614
457, 43.9761
458, 42.6912
459, 53.1286
460, 53.4464
461, 34.2364
462, 36.9765
463, 42.4553
464, 45.7722
465, 39.462
466, 52.2797
467, 69.3812
468, 54.5642
469, 58.3045
470, 47.9503
471, 41.5636
472, 56.4476
473, 54.0406
474, 54.6257
475, 48.9056
476, 54.9583
477, 56.7383
478, 41.7635
479, 47.3205
480, 48.7029
481, 44.2047
482, 54.8839
483, 56.1838
484, 40.0044
485, 55.4986
486, 56.0967
487, 38.1819
488, 51.6244
489, 53.689
490, 53.3884
491, 62.7824
492, 45.9078
493, 52.4709
494, 50.9729
495, 54.7582
496, 47.8999
497, 58.5836
498, 55.6564
499, 44.5395
500, 53.7496
501, 53.8309
502, 54.845
503, 46.471
504, 52.2514
505, 50.6338
506, 66.8102
507, 50.8345
508, 49.793
509, 45.7695
510, 45.98
511, 57.9861
512, 44.493
513, 52.7306
514, 45.5597
515, 45.1324
516, 59.41
517, 49.7647
518, 46.7692
519, 33.3834
520, 40.2872
521, 51.365
522, 55.3995
523, 51.351
524, 55.8084
525, 51.2958
526, 52.5339
527, 50.9016
528, 37.5665
529, 44.9278
530, 48.6094
531, 63.1705
532, 40.1985
533, 55.2458
534, 53.1671
535, 50.2894
536, 53.4782
537, 41.076
538, 47.4366
539, 55.7991
540, 52.391
541, 54.6273
542, 45.7252
543, 36.4917
544, 53.9821
545, 42.633
546, 34.8003
547, 57.2301
548, 34.8165
549, 60.037
550, 43.076
551, 61.7359
552, 33.9872
553, 55.171
554, 50.7384
555, 49.196
556, 59.2257
557, 39.8984
558, 47.7518
559, 59.5567
560, 42.3633
561, 47.6145
562, 29.4481
563, 40.0812
564, 50.9011
565, 58.6154
566, 45.3048
567, 42.9191
568, 46.3065
569, 57.3621
570, 46.8618
571, 35.8391
572, 51.0687
573, 37.1732
574, 56.2446
575, 36.76
576, 55.2675
577, 48.1448
578, 54.8731
579, 46.047
580, 66.0937
581, 47.0334
582, 56.9858
583, 57.1922
584, 51.7211
585, 37.4294
586, 50.7814
587, 57.0146
588, 49.3439
589, 55.2843
590, 38.5534
591, 39.4417
592, 54.4762
593, 41.8319
594, 52.3834
595, 49.4392
596, 59.5117
597, 54.5371
598, 44.9012
599, 62.6379
600, 35.7289
601, 43.4596
602, 44.7383
603, 58.0978
604, 45.0614
605, 52.6202
606, 43.8586
607, 46.6353
608, 49.879
609, 54.9211
610, 47.5173
611, 61.3396
612, 39.7071
613, 43.9118
614, 40.953
615, 34.1671
616, 48.3593
617, 44.6047
618, 54.4581
619, 53.819
620, 49.9848
621, 43.5507
622, 40.8347
623, 50.9851
624, 42.6599
625, 48.4282
626, 54.9723
627, 46.1145
628, 50.3112
629, 35.5063
630, 53.9384
631, 48.0021
632, 36.3998
633, 40.5743
634, 47.1272
635, 50.3516
636, 49.9424
637, 33.7999
638, 54.46
639, 59.3646
640, 42.781
641, 40.6278
642, 42.6385
643, 52.4168
644, 47.9794
645, 45.5067
646, 43.3091
647, 44.5827
648, 42.6423
649, 48.3949
650, 39.846
651, 42.9524
652, 24.2378
653, 48.2078
654, 45.7013
655, 50.3741
656, 51.3828
657, 50.1579
658, 49.4023
659, 43.8346
660, 40.2475
661, 48.8684
662, 49.1402
663, 47.9977
664, 40.919
665, 37.0807
666, 49.9841
667, 60.8125
668, 31.204
669, 35.4592
670, 43.994
671, 49.4601
672, 45.2158
673, 36.61
674, 51.6981
675, 51.0003
676, 39.6997
677, 45.4664
678, 48.5258
679, 39.4275
680, 40.1576
681, 46.8014
682, 43.4414
683, 36.9465
684, 60.2118
685, 37.3255
686, 42.5253
687, 47.2388
688, 35.6798
689, 50.9882
690, 41.0291
691, 53.7624
692, 43.7065
693, 52.4175
694, 46.866
695, 49.5772
696, 48.6635
697, 48.8009
698, 55.0619
699, 39.6029
700, 42.237
701, 41.0228
702, 41.9255
703, 44.5995
704, 37.2448
705, 40.7712
706, 33.7881
707, 46.4718
708, 39.1858
709, 40.3773
710, 34.4884
711, 51.7755
712, 61.3177
713, 41.9912
714, 54.6013
715, 35.4236
716, 52.4076
717, 38.7907
718, 44.0992
719, 45.5988
720, 40.2313
721, 40.4307
722, 44.5513
723, 45.8862
724, 48.5755
725, 50.292
726, 63.2727
727, 52.0006
728, 42.1485
729, 35.2672
730, 48.2434
731, 39.2703
732, 35.0295
733, 40.8214
734, 37.9026
735, 37.1893
736, 37.3006
737, 34.8388
738, 51.1661
739, 45.1695
740, 53.0404
741, 51.9132
742, 40.8418
743, 53.9594
744, 42.7536
745, 38.5338
746, 44.7056
747, 23.3217
748, 43.098
749, 46.3391
750, 46.3587
751, 42.2267
752, 39.7256
753, 37.528
754, 44.9667
755, 38.3562
756, 37.7981
757, 41.0703
758, 48.2325
759, 31.0791
760, 35.3494
761, 39.7377
762, 44.958
763, 39.0391
764, 51.8736
765, 38.5411
766, 35.9647
767, 34.9323
768, 43.1862
769, 28.333
770, 39.7878
771, 48.2764
772, 31.8742
773, 39.644
774, 39.9482
775, 30.2011
776, 31.4116
777, 40.1374
778, 43.646
779, 35.4104
780, 35.6469
781, 41.5284
782, 30.7874
783, 34.8527
784, 38.6445
785, 36.1671
786, 25.7389
787, 40.7997
788, 33.7742
789, 32.8849
790, 29.4839
791, 33.1059
792, 35.0118
793, 33.5269
794, 42.1233
795, 31.7571
796, 32.0946
797, 49.1488
798, 45.6629
799, 36.2027
800, 42.6522
801, 39.8883
802, 41.5605
803, 32.9441
804, 30.17
805, 31.8648
806, 35.3405
807, 39.4443
808, 34.4263
809, 40.6267
810, 33.6983
811, 37.3298
812, 34.796
813, 25.0695
814, 43.6462
815, 40.1515
816, 35.1143
817, 39.8318
818, 39.0961
819, 38.092
820, 41.6468
821, 33.2314
822, 28.7486
823, 39.4058
824, 44.4376
825, 41.9737
826, 30.62
827, 25.6104
828, 25.1566
829, 26.9486
830, 40.368
831, 36.6601
832, 34.8606
833, 34.7146
834, 28.8259
835, 36.3894
836, 39.8978
837, 29.225
838, 35.7955
839, 34.5074
840, 31.8005
841, 20.0482
842, 24.1966
843, 32.489
844, 26.9038
845, 33.05
846, 26.51
847, 26.7668
848, 24.2165
849, 34.008
850, 31.593
851, 20.528
852, 33.1826
853, 26.3092
854, 20.8611
855, 27.4316
856, 27.5329
857, 33.06
858, 38.5902
859, 33.801
860, 32.7269
861, 32.3914
862, 28.9628
863, 28.4459
864, 26.6104
865, 16.987
866, 24.5094
867, 23.4435
868, 21.874
869, 24.1007
870, 38.6319
871, 21.1842
872, 28.2532
873, 27.459
874, 19.5587
875, 24.076
876, 21.7677
877, 31.5175
878, 31.6996
879, 34.803
880, 27.8967
881, 14.5445
882, 34.131
883, 30.7447
884, 22.4266
885, 22.9297
886, 17.9382
887, 23.0339
888, 24.1567
889, 13.8412
890, 17.3545
891, 14.2217
892, 22.8432
893, 22.9666
894, 27.1204
895, 21.6658
896, 28.7283
897, 20.2048
898, 22.418
899, 22.2568
900, 17.2296
901, 17.502
902, 24.7388
903, 22.6117
904, 20.9896
905, 21.5516
906, 26.7313
907, 19.1949
908, 20.7306
909, 19.5944
910, 25.2027
911, 16.1226
912, 12.7723
913, 15.5482
914, 13.5268
915, 19.9417
916, 23.1016
917, 19.9387
918, 14.0569
919, 19.2328
920, 11.7028
921, 20.2904
922, 15.0131
923, 11.8682
924, 18.0882
925, 16.1718
926, 17.5002
927, 13.8382
928, 17.8082
929, 14.0773
930, 16.6205
931, 13.5573
932, 10.8008
933, 12.4455
934, 20.9847
935, 15.1764
936, 10.2161
937, 20.321
938, 10.8003
939, 11.3347
940, 20.3425
941, 11.7771
942, 13.0159
943, 11.538
944, 9.15083
945, 9.99155
946, 11.2254
947, 10.5033
948, 11.1411
949, 6.4885
950, 6.40149
951, 6.88074
952, 9.06171
953, 7.88544
954, 11.4092
955, 11.6275
956, 11.4367
957, 9.87562
958, 7.96944
959, 6.89472
960, 8.6605
961, 7.46949
962, 7.19119
963, 7.69952
964, 5.50551
965, 5.70721
966, 5.66037
967, 7.28705
968, 5.24808
969, 4.33114
970, 5.0929
971, 6.23611
972, 6.28935
973, 6.3671
974, 4.7392
975, 4.98666
976, 5.30772
977, 5.09042
978, 3.52428
979, 3.81681
980, 4.51194
981, 4.46367
982, 4.00329
983, 4.04506
984, 3.74332
985, 3.04318
986, 3.81083
987, 3.60827
988, 3.51815
989, 3.11452
990, 3.03691
991, 2.9283
992, 2.62464
993, 2.14557
994, 2.18654
995, 2.12559
996, 2.1279
997, 2.10314
998, 2.0522
999, 2.04572
1000, 2.03705
